timestamp,open,high,low,close
2020-11-18 00:00:00,-0.32000000000005,-0.03500000000002501,-0.6050000000000182,-0.15499999999997272
2020-11-18 00:01:00,-0.15499999999997272,0.1449999999999818,-0.5099999999999909,-0.2599999999999909
2020-11-18 00:02:00,-0.2599999999999909,0.1449999999999818,-0.5,-0.12999999999999545
2020-11-18 00:03:00,-0.12999999999999545,0.28000000000002956,-0.32000000000005,0.24500000000000455
2020-11-18 00:04:00,0.17000000000007276,0.17000000000007276,-0.3650000000000091,0.04000000000007731
2020-11-18 00:05:00,0.020000000000038654,0.3450000000000273,-0.4399999999999977,-0.160000000000025
2020-11-18 00:06:00,-0.160000000000025,0.19499999999999318,-0.4199999999999591,-0.12999999999999545
2020-11-18 00:07:00,-0.12999999999999545,0.2799999999999727,-0.37999999999999545,-0.04000000000007731
2020-11-18 00:08:00,-0.04000000000007731,0.4249999999999545,-0.6599999999999682,-0.16999999999995907
2020-11-18 00:09:00,-0.16999999999995907,0.28499999999996817,-0.3550000000000182,0.0999999999999659
2020-11-18 00:10:00,0.0999999999999659,0.2550000000000523,-0.32999999999992724,-0.08499999999997954
2020-11-18 00:11:00,-0.08499999999997954,0.12000000000000455,-0.3900000000000432,-0.14999999999997726
2020-11-18 00:12:00,-0.14999999999997726,0.16500000000002046,-0.22500000000002274,-0.04499999999995907
2020-11-18 00:13:00,-0.04499999999995907,0.12999999999999545,-0.3300000000000409,-0.23500000000001364
2020-11-18 00:14:00,-0.24000000000006594,0.0049999999999954525,-0.4500000000000455,-0.22999999999996135
2020-11-18 00:15:00,-0.22999999999996135,0.2950000000000159,-0.5850000000000364,0.17000000000001592
2020-11-18 00:16:00,0.17000000000001592,0.38999999999998636,-0.18000000000006366,0.19499999999999318
2020-11-18 00:17:00,-0.5300000000000296,0.4350000000000591,-0.5799999999999841,0.0999999999999659
2020-11-18 00:18:00,0.0999999999999659,0.3700000000000614,-0.06000000000005912,0.2450000000000614
2020-11-18 00:19:00,0.2450000000000614,0.4550000000000409,-0.1449999999999818,0.13999999999998636
2020-11-18 00:20:00,0.13999999999998636,0.30000000000001137,-0.1099999999999568,0.08000000000004093
2020-11-18 00:21:00,0.08000000000004093,0.3450000000000273,-0.17499999999995453,-0.025000000000034106
2020-11-18 00:22:00,-0.025000000000034106,0.2300000000000182,-0.19499999999993634,-0.1449999999999818
2020-11-18 00:23:00,-0.09499999999997044,0.44999999999998863,-0.15500000000002956,0.4000000000000341
2020-11-18 00:24:00,0.4000000000000341,0.5449999999999591,0.1150000000000091,0.2599999999999909
2020-11-18 00:25:00,0.25499999999999545,0.42999999999995,0.10000000000002274,0.10000000000002274
2020-11-18 00:26:00,0.10000000000002274,0.18499999999994543,-0.1550000000000864,-0.04000000000007731
2020-11-18 00:27:00,-0.04000000000007731,0.2400000000000091,-0.17999999999994998,0.020000000000038654
2020-11-18 00:28:00,0.020000000000038654,0.1349999999999909,-0.46999999999997044,-0.06499999999994088
2020-11-18 00:29:00,-0.06499999999994088,0.05000000000001137,-0.4900000000000091,0.05000000000001137
2020-11-18 00:30:00,-0.7599999999999909,0.19999999999998863,-0.7599999999999909,-0.10000000000002274
2020-11-18 00:31:00,-0.10000000000002274,0.15999999999996817,-0.4600000000000364,-0.1199999999999477
2020-11-18 00:32:00,-0.1199999999999477,0.37000000000000455,-0.3650000000000091,0.18000000000006366
2020-11-18 00:33:00,0.18000000000006366,0.4350000000000023,-0.06999999999999318,0.21999999999997044
2020-11-18 00:34:00,,,,
2020-11-18 00:35:00,,,,
2020-11-18 00:36:00,,,,
2020-11-18 00:37:00,,,,
2020-11-18 00:38:00,,,,
2020-11-18 00:39:00,,,,
2020-11-18 00:40:00,,,,
2020-11-18 00:41:00,,,,
2020-11-18 00:42:00,,,,
2020-11-18 00:43:00,,,,
2020-11-18 00:44:00,,,,
2020-11-18 00:45:00,,,,
2020-11-18 00:46:00,,,,
2020-11-18 00:47:00,,,,
2020-11-18 00:48:00,,,,
2020-11-18 00:49:00,0.125,0.35000000000002274,-0.13500000000004775,0.19499999999999318
2020-11-18 00:50:00,0.19499999999999318,0.40999999999996817,-0.09000000000003183,0.1999999999999318
2020-11-18 00:51:00,0.1999999999999318,0.49000000000006594,-0.18000000000000682,-0.06999999999999318
2020-11-18 00:52:00,-0.06999999999999318,0.2800000000000864,-0.18000000000000682,0.2700000000000955
2020-11-18 00:53:00,0.2700000000000955,0.39999999999997726,-0.125,0.06999999999999318
2020-11-18 00:54:00,0.06999999999999318,0.16499999999996362,-0.3050000000000068,-0.009999999999990905
2020-11-18 00:55:00,0.024999999999977263,0.07999999999992724,-0.3900000000000432,-0.12999999999999545
2020-11-18 00:56:00,-0.12000000000000455,0.35000000000002274,-0.37000000000000455,-0.0049999999999954525
2020-11-18 00:57:00,-0.0049999999999954525,0.26499999999998636,-0.25,0.09000000000003183
2020-11-18 00:58:00,0.09000000000003183,0.25000000000005684,-0.30999999999994543,-0.05000000000001137
2020-11-18 00:59:00,-0.05000000000001137,0.3849999999999909,-0.20499999999998408,0.0
2020-11-18 01:00:00,0.0,0.38999999999998636,-0.3550000000000182,0.25499999999999545
2020-11-18 01:01:00,0.20999999999997954,0.4550000000000409,-0.25,0.25000000000005684
2020-11-18 01:02:00,0.27000000000003865,0.6100000000000136,-0.3849999999999909,0.21000000000003638
2020-11-18 01:03:00,0.2599999999999909,0.4550000000000409,-0.49500000000000455,-0.07499999999993179
2020-11-18 01:04:00,-0.07499999999993179,0.28000000000002956,-0.49500000000000455,-0.3300000000000409
2020-11-18 01:05:00,-0.2400000000000091,0.5950000000000273,-0.4049999999999727,0.13500000000004775
2020-11-18 01:06:00,-0.4499999999999318,0.34000000000003183,-0.4499999999999318,-0.05000000000001137
2020-11-18 01:07:00,0.015000000000043201,0.125,-0.3650000000000091,-0.020000000000038654
2020-11-18 01:08:00,-0.020000000000038654,0.18500000000000227,-0.3650000000000091,0.125
2020-11-18 01:09:00,0.15999999999996817,0.4250000000000682,-0.125,0.08500000000003638
2020-11-18 01:10:00,0.22000000000002728,0.5,-0.5650000000000546,0.15999999999996817
2020-11-18 01:11:00,0.15999999999996817,0.4300000000000068,-0.1150000000000091,0.13999999999998636
2020-11-18 01:12:00,0.13999999999998636,0.48999999999995225,-0.11499999999995225,0.1500000000000341
2020-11-18 01:13:00,0.1500000000000341,0.44499999999993634,-0.025000000000034106,0.03999999999996362
2020-11-18 01:14:00,0.03999999999996362,0.45499999999992724,-0.17000000000001592,0.06000000000005912
2020-11-18 01:15:00,0.06000000000005912,0.18999999999994088,-0.19000000000005457,0.05999999999994543
2020-11-18 01:16:00,0.05999999999994543,0.2900000000000773,-0.2799999999999727,0.08500000000003638
2020-11-18 01:17:00,0.08500000000003638,0.2300000000000182,-0.14999999999997726,-0.009999999999990905
2020-11-18 01:18:00,-0.009999999999990905,0.17000000000001592,-0.27499999999997726,-0.03500000000002501
2020-11-18 01:19:00,-0.03500000000002501,0.15999999999996817,-0.19000000000005457,-0.01999999999998181
2020-11-18 01:20:00,-0.01999999999998181,0.24500000000000455,-0.16500000000002046,-0.03000000000002956
2020-11-18 01:21:00,-0.025000000000034106,0.1199999999999477,-0.3350000000000364,-0.10499999999996135
2020-11-18 01:22:00,-0.10499999999996135,0.17999999999994998,-0.17999999999994998,-0.04000000000007731
2020-11-18 01:23:00,-0.04000000000007731,0.20999999999997954,-0.28499999999996817,-0.009999999999990905
2020-11-18 01:24:00,-0.04499999999995907,0.08000000000004093,-0.22000000000002728,-0.08000000000004093
2020-11-18 01:25:00,-0.08000000000004093,0.12999999999999545,-0.36000000000001364,-0.125
2020-11-18 01:26:00,-0.125,0.12999999999999545,-0.2400000000000091,-0.01999999999998181
2020-11-18 01:27:00,-0.01999999999998181,0.08000000000004093,-0.4000000000000341,-0.06000000000005912
2020-11-18 01:28:00,-0.06000000000005912,0.21000000000003638,-0.29000000000002046,0.07000000000005002
2020-11-18 01:29:00,0.07000000000005002,0.07000000000005002,-0.5799999999999272,-0.08500000000003638
2020-11-18 01:30:00,-0.10500000000001819,0.1349999999999909,-0.37000000000000455,-0.160000000000025
2020-11-18 01:31:00,-0.160000000000025,0.1150000000000091,-0.27499999999997726,-0.1500000000000341
2020-11-18 01:32:00,-0.1500000000000341,0.20500000000004093,-0.34000000000003183,-0.06500000000005457
2020-11-18 01:33:00,-0.06500000000005457,0.11000000000001364,-0.3650000000000091,-0.06999999999999318
2020-11-18 01:34:00,-0.06999999999999318,0.25000000000005684,-0.3249999999999318,0.09500000000002728
2020-11-18 01:35:00,0.09500000000002728,0.35000000000002274,-0.3799999999999386,-0.2650000000000432
2020-11-18 01:36:00,-0.7450000000000045,0.10499999999996135,-0.7450000000000045,-0.18999999999994088
2020-11-18 01:37:00,-0.18999999999994088,0.2900000000000773,-0.3650000000000091,0.1650000000000773
2020-11-18 01:38:00,0.1650000000000773,0.25000000000005684,-0.28499999999996817,-0.009999999999990905
2020-11-18 01:39:00,-0.03999999999996362,0.25499999999999545,-0.22500000000002274,-0.029999999999972715
2020-11-18 01:40:00,-0.029999999999972715,0.21500000000003183,-0.18000000000006366,-0.05999999999994543
2020-11-18 01:41:00,-0.05999999999994543,0.16999999999995907,-0.1099999999999568,-0.01999999999998181
2020-11-18 01:42:00,-0.01999999999998181,0.1150000000000091,-0.22000000000002728,-0.20000000000004547
2020-11-18 01:43:00,-0.20000000000004547,0.18500000000000227,-0.3100000000000023,-0.045000000000015916
2020-11-18 01:44:00,-0.045000000000015916,0.22000000000002728,-0.36000000000001364,0.029999999999972715
2020-11-18 01:45:00,0.029999999999972715,0.44499999999993634,-0.2950000000000159,0.05000000000001137
2020-11-18 01:46:00,0.05000000000001137,0.4500000000000455,-0.1150000000000091,0.17999999999994998
2020-11-18 01:47:00,0.17999999999994998,0.39999999999997726,-0.08000000000004093,0.2400000000000091
2020-11-18 01:48:00,0.2400000000000091,0.5600000000000591,0.025000000000034106,0.42000000000007276
2020-11-18 01:49:00,0.42000000000007276,0.4600000000000364,-0.10000000000002274,0.12000000000000455
2020-11-18 01:50:00,0.12000000000000455,0.39500000000003865,-0.1449999999999818,0.12000000000006139
2020-11-18 01:51:00,0.12000000000006139,0.4800000000000182,-0.12999999999999545,0.20500000000004093
2020-11-18 01:52:00,0.20500000000004093,0.5000000000000568,-0.03500000000002501,0.05999999999994543
2020-11-18 01:53:00,0.05999999999994543,0.37999999999999545,-0.16999999999995907,0.09000000000003183
2020-11-18 01:54:00,0.09000000000003183,0.42000000000007276,-0.11499999999995225,0.26000000000004775
2020-11-18 01:55:00,0.26000000000004775,0.6150000000000091,-0.03499999999996817,0.23500000000001364
2020-11-18 01:56:00,0.24500000000000455,0.42500000000001137,-0.05000000000001137,0.17000000000007276
2020-11-18 01:57:00,0.17000000000007276,0.4249999999999545,-0.05500000000000682,0.049999999999954525
2020-11-18 01:58:00,-0.05000000000001137,0.39999999999997726,-0.12999999999999545,0.3300000000000409
2020-11-18 01:59:00,0.3300000000000409,0.4500000000000455,-0.025000000000034106,0.12999999999999545
2020-11-18 02:00:00,0.12999999999999545,0.410000000000025,0.01999999999998181,0.3299999999999841
2020-11-18 02:01:00,0.3299999999999841,0.6599999999999682,0.11499999999995225,0.20499999999998408
2020-11-18 02:02:00,0.20499999999998408,0.4300000000000068,0.01999999999998181,0.2599999999999909
2020-11-18 02:03:00,0.2599999999999909,0.589999999999975,-0.19500000000005002,0.06499999999999773
2020-11-18 02:04:00,0.03499999999996817,0.26499999999998636,-0.060000000000002274,0.15500000000002956
2020-11-18 02:05:00,0.22000000000002728,0.22000000000002728,-0.125,0.05999999999994543
2020-11-18 02:06:00,0.05999999999994543,0.3849999999999909,-0.060000000000002274,0.12000000000006139
2020-11-18 02:07:00,0.12000000000006139,0.21999999999997044,-0.09000000000003183,-0.020000000000038654
2020-11-18 02:08:00,-0.020000000000038654,0.22999999999996135,-0.17999999999994998,0.20000000000004547
2020-11-18 02:09:00,0.20000000000004547,0.410000000000025,-0.1349999999999909,0.009999999999990905
2020-11-18 02:10:00,0.009999999999990905,0.36000000000001364,-0.2349999999999568,-0.17000000000007276
2020-11-18 02:11:00,-0.04500000000007276,0.08000000000004093,-0.4199999999999591,-0.2999999999999545
2020-11-18 02:12:00,-0.2999999999999545,0.13999999999998636,-0.4449999999999932,0.040000000000020464
2020-11-18 02:13:00,0.040000000000020464,0.1449999999999818,-0.22000000000002728,-0.22000000000002728
2020-11-18 02:14:00,-0.25,0.17000000000001592,-0.25,-0.15999999999996817
2020-11-18 02:15:00,-0.15999999999996817,0.1400000000000432,-0.32000000000005,-0.04499999999995907
2020-11-18 02:16:00,-0.014999999999986358,0.12000000000000455,-0.29000000000002046,-0.06999999999999318
2020-11-18 02:17:00,-0.06999999999999318,0.18999999999994088,-0.28500000000008185,-0.08000000000004093
2020-11-18 02:18:00,-0.08000000000004093,0.18500000000000227,-0.17000000000007276,0.1300000000000523
2020-11-18 02:19:00,0.1650000000000773,0.21000000000003638,-0.24999999999994316,0.060000000000002274
2020-11-18 02:20:00,0.060000000000002274,0.22000000000002728,-0.15499999999997272,-0.060000000000002274
2020-11-18 02:21:00,-0.05000000000001137,0.24500000000000455,-0.27000000000003865,0.060000000000002274
2020-11-18 02:22:00,0.060000000000002274,0.17499999999995453,-0.21500000000003183,-0.01999999999998181
2020-11-18 02:23:00,-0.01999999999998181,0.42999999999995,-0.125,-0.040000000000020464
2020-11-18 02:24:00,-0.040000000000020464,0.27000000000003865,-0.160000000000025,0.0
2020-11-18 02:25:00,0.0,0.2900000000000773,-0.07000000000005002,0.15500000000002956
2020-11-18 02:26:00,0.15500000000002956,0.32499999999998863,0.0,0.04000000000007731
2020-11-18 02:27:00,0.04000000000007731,0.28500000000008185,-0.14500000000003865,0.09500000000002728
2020-11-18 02:28:00,0.09500000000002728,0.2599999999999909,-0.21000000000003638,-0.08999999999997499
2020-11-18 02:29:00,-0.4199999999999591,0.8450000000000273,-0.4199999999999591,0.04000000000007731
2020-11-18 02:30:00,0.11000000000001364,0.12999999999999545,-0.29000000000002046,0.0049999999999954525
2020-11-18 02:31:00,0.0049999999999954525,0.24500000000000455,-0.23500000000001364,0.010000000000047748
2020-11-18 02:32:00,0.010000000000047748,0.18999999999999773,-0.30000000000001137,-0.040000000000020464
2020-11-18 02:33:00,-0.040000000000020464,0.125,-0.21999999999997044,0.0
2020-11-18 02:34:00,0.0,0.1150000000000091,-0.3100000000000023,0.08500000000003638
2020-11-18 02:35:00,0.03499999999996817,0.07999999999998408,-0.20999999999997954,0.0
2020-11-18 02:36:00,0.0,0.0999999999999659,-0.3350000000000364,0.04499999999995907
2020-11-18 02:37:00,0.04499999999995907,0.2650000000000432,-0.2799999999999727,-0.08000000000004093
2020-11-18 02:38:00,-0.08000000000004093,0.11000000000001364,-0.3050000000000068,-0.06000000000005912
2020-11-18 02:39:00,-0.06000000000005912,0.2099999999999227,-0.25,0.09000000000003183
2020-11-18 02:40:00,0.09000000000003183,0.26000000000004775,-0.21999999999997044,0.020000000000038654
2020-11-18 02:41:00,0.020000000000038654,0.16500000000002046,-0.20499999999992724,0.055000000000063665
2020-11-18 02:42:00,0.055000000000063665,0.2550000000000523,-0.20999999999997954,-0.18000000000000682
2020-11-18 02:43:00,-0.18000000000000682,0.13999999999998636,-0.20000000000004547,-0.10500000000001819
2020-11-18 02:44:00,-0.05500000000000682,0.1500000000000341,-0.19000000000005457,-0.05000000000006821
2020-11-18 02:45:00,-0.05000000000006821,0.08999999999991815,-0.31500000000005457,0.009999999999990905
2020-11-18 02:46:00,-0.08999999999997499,0.27000000000003865,-0.125,0.03000000000002956
2020-11-18 02:47:00,0.03000000000002956,0.33499999999997954,-0.27000000000003865,-0.01999999999998181
2020-11-18 02:48:00,0.030000000000086402,0.08500000000003638,-0.23500000000001364,-0.020000000000038654
2020-11-18 02:49:00,-0.020000000000038654,0.17500000000001137,-0.19499999999999318,-0.040000000000020464
2020-11-18 02:50:00,-0.009999999999990905,0.20500000000004093,-0.27499999999997726,0.04000000000007731
2020-11-18 02:51:00,0.04000000000007731,0.07499999999993179,-0.30999999999994543,-0.049999999999954525
2020-11-18 02:52:00,-0.049999999999954525,0.09000000000003183,-0.2999999999999545,-0.12000000000000455
2020-11-18 02:53:00,-0.12000000000000455,0.049999999999954525,-0.38999999999998636,-0.18000000000000682
2020-11-18 02:54:00,-0.18000000000000682,0.06000000000005912,-0.3199999999999932,-0.08999999999997499
2020-11-18 02:55:00,-0.08999999999997499,0.11499999999995225,-0.30999999999994543,-0.1150000000000091
2020-11-18 02:56:00,-0.1150000000000091,0.12000000000006139,-0.19999999999998863,-0.03999999999996362
2020-11-18 02:57:00,-0.03999999999996362,0.21000000000003638,-0.3100000000000023,-0.11000000000001364
2020-11-18 02:58:00,-0.11000000000001364,0.029999999999972715,-0.32000000000005,-0.2599999999999909
2020-11-18 02:59:00,-0.2599999999999909,-0.029999999999972715,-0.3650000000000091,-0.18999999999994088
2020-11-18 03:00:00,-0.18999999999994088,-0.0049999999999954525,-0.410000000000025,-0.410000000000025
2020-11-18 03:01:00,-0.410000000000025,0.1150000000000091,-0.410000000000025,-0.014999999999986358
2020-11-18 03:02:00,-0.014999999999986358,0.1750000000000682,-0.2400000000000091,-0.05499999999994998
2020-11-18 03:03:00,-0.0049999999999954525,0.29500000000007276,-0.27499999999997726,-0.125
2020-11-18 03:04:00,-0.049999999999954525,0.12999999999999545,-0.46500000000003183,-0.1500000000000341
2020-11-18 03:05:00,-0.12000000000000455,0.125,-0.36000000000001364,-0.029999999999972715
2020-11-18 03:06:00,-0.029999999999972715,0.01999999999998181,-0.44000000000005457,-0.12000000000000455
2020-11-18 03:07:00,-0.1150000000000091,0.08000000000004093,-0.43000000000006366,0.05999999999994543
2020-11-18 03:08:00,0.05999999999994543,0.20000000000004547,-0.2300000000000182,0.0
2020-11-18 03:09:00,0.0,0.18999999999994088,-0.16999999999995907,0.03500000000002501
2020-11-18 03:10:00,0.03500000000002501,0.07999999999998408,-0.22000000000002728,-0.22000000000002728
2020-11-18 03:11:00,-0.22000000000002728,0.21999999999997044,-0.30000000000001137,-0.029999999999972715
2020-11-18 03:12:00,-0.029999999999972715,0.22999999999996135,-0.1349999999999909,-0.009999999999934062
2020-11-18 03:13:00,-0.009999999999934062,0.26499999999998636,-0.12000000000000455,0.0
2020-11-18 03:14:00,0.0,0.3650000000000091,-0.125,0.07000000000005002
2020-11-18 03:15:00,0.07000000000005002,0.3599999999999568,-0.12000000000000455,-5.684341886080802e-14
2020-11-18 03:16:00,-5.684341886080802e-14,0.4449999999999932,-0.22000000000002728,0.2300000000000182
2020-11-18 03:17:00,0.18000000000006366,0.3849999999999909,-0.14500000000003865,0.25
2020-11-18 03:18:00,0.25,0.4150000000000773,-0.040000000000020464,0.39999999999997726
2020-11-18 03:19:00,0.39999999999997726,0.4350000000000023,-0.060000000000002274,0.21000000000003638
2020-11-18 03:20:00,0.21000000000003638,0.37000000000000455,0.0049999999999954525,0.07999999999998408
2020-11-18 03:21:00,0.07999999999998408,0.4249999999999545,-0.03000000000002956,0.3100000000000591
2020-11-18 03:22:00,0.3100000000000591,0.31500000000005457,0.03000000000002956,0.15999999999996817
2020-11-18 03:23:00,0.15999999999996817,0.375,-0.040000000000020464,0.1500000000000341
2020-11-18 03:24:00,0.05000000000001137,0.22000000000002728,-0.21000000000003638,-0.009999999999990905
2020-11-18 03:25:00,-0.009999999999990905,0.30500000000006366,-0.26499999999998636,0.060000000000002274
2020-11-18 03:26:00,0.060000000000002274,0.18000000000000682,-0.17999999999994998,-0.01999999999998181
2020-11-18 03:27:00,0.0049999999999954525,0.1500000000000341,-0.12999999999999545,0.01999999999998181
2020-11-18 03:28:00,0.01999999999998181,0.12999999999999545,-0.1999999999999318,0.03499999999996817
2020-11-18 03:29:00,0.03499999999996817,0.18500000000005912,-0.12500000000005684,-0.029999999999972715
2020-11-18 03:30:00,-0.029999999999972715,0.14999999999997726,-0.18500000000000227,0.08999999999997499
2020-11-18 03:31:00,0.08999999999997499,0.08999999999997499,-0.17500000000001137,0.015000000000043201
2020-11-18 03:32:00,0.015000000000043201,0.2599999999999909,-0.3149999999999409,0.07000000000005002
2020-11-18 03:33:00,0.07000000000005002,0.26499999999998636,-0.1349999999999909,0.04499999999995907
2020-11-18 03:34:00,0.04499999999995907,0.4500000000000455,-0.17999999999994998,0.09000000000003183
2020-11-18 03:35:00,0.09000000000003183,0.410000000000025,-0.1349999999999909,0.2650000000000432
2020-11-18 03:36:00,0.28000000000002956,0.4500000000000455,-0.01999999999998181,0.21999999999997044
2020-11-18 03:37:00,0.21999999999997044,0.29500000000007276,-0.14500000000003865,-0.03000000000002956
2020-11-18 03:38:00,0.17000000000001592,0.285000000000025,-0.2800000000000864,0.029999999999972715
2020-11-18 03:39:00,0.029999999999972715,0.10000000000002274,-0.30000000000001137,-0.06000000000005912
2020-11-18 03:40:00,-0.06000000000005912,0.25499999999999545,-0.19000000000005457,0.01999999999998181
2020-11-18 03:41:00,0.01999999999998181,0.38999999999998636,-0.06999999999993634,0.1299999999999386
2020-11-18 03:42:00,0.1299999999999386,0.3299999999999841,-0.024999999999977263,0.16499999999996362
2020-11-18 03:43:00,0.21500000000003183,0.4049999999999727,0.0,0.160000000000025
2020-11-18 03:44:00,0.160000000000025,0.35000000000002274,-0.18000000000006366,0.13999999999998636
2020-11-18 03:45:00,0.13999999999998636,0.28000000000002956,-0.11000000000001364,0.03000000000002956
2020-11-18 03:46:00,0.03000000000002956,0.25,-0.1400000000000432,-0.01999999999998181
2020-11-18 03:47:00,-0.01999999999998181,0.12500000000005684,-0.2599999999999909,0.029999999999972715
2020-11-18 03:48:00,0.029999999999972715,0.19499999999993634,-0.28000000000002956,0.12000000000000455
2020-11-18 03:49:00,0.12000000000000455,0.1349999999999909,-0.39999999999997726,0.0
2020-11-18 03:50:00,0.0,0.27000000000003865,-0.12999999999999545,0.1300000000000523
2020-11-18 03:51:00,0.1300000000000523,0.3800000000000523,-0.009999999999990905,0.18000000000006366
2020-11-18 03:52:00,0.18000000000006366,0.38500000000004775,-0.024999999999977263,0.05500000000000682
2020-11-18 03:53:00,0.05500000000000682,0.38999999999998636,-0.05000000000001137,0.009999999999934062
2020-11-18 03:54:00,0.009999999999934062,0.18500000000000227,-0.1449999999999818,0.11000000000001364
2020-11-18 03:55:00,0.11000000000001364,0.2999999999999545,-0.125,0.15999999999996817
2020-11-18 03:56:00,0.15999999999996817,0.24999999999994316,0.014999999999986358,0.06999999999999318
2020-11-18 03:57:00,0.06999999999999318,0.25,-0.125,0.1099999999999568
2020-11-18 03:58:00,0.13999999999998636,0.3000000000000682,-0.10500000000001819,0.0049999999999954525
2020-11-18 03:59:00,0.0049999999999954525,0.22000000000002728,-0.06999999999999318,0.13999999999998636
2020-11-18 04:00:00,0.13999999999998636,0.18999999999999773,-0.20000000000004547,-0.01999999999998181
2020-11-18 04:01:00,-0.01999999999998181,0.32000000000005,-0.14999999999997726,0.22000000000002728
2020-11-18 04:02:00,0.22000000000002728,0.36000000000001364,-0.1349999999999909,5.684341886080802e-14
2020-11-18 04:03:00,5.684341886080802e-14,0.32000000000005,-0.08999999999991815,0.0
2020-11-18 04:04:00,0.0,0.2400000000000091,-0.09000000000003183,0.14999999999997726
2020-11-18 04:05:00,0.14999999999997726,0.25000000000005684,-0.13999999999998636,0.1349999999999909
2020-11-18 04:06:00,0.13999999999998636,0.2599999999999909,-0.060000000000002274,0.160000000000025
2020-11-18 04:07:00,0.160000000000025,0.24500000000000455,-0.09000000000003183,0.029999999999972715
2020-11-18 04:08:00,0.029999999999972715,0.2799999999999727,-0.12999999999999545,-0.03000000000002956
2020-11-18 04:09:00,0.020000000000038654,0.23500000000001364,-0.06999999999999318,0.1400000000000432
2020-11-18 04:10:00,0.1400000000000432,0.19999999999998863,-0.1099999999999568,0.11000000000001364
2020-11-18 04:11:00,0.11000000000001364,0.21000000000003638,-0.07999999999992724,0.17500000000001137
2020-11-18 04:12:00,0.17500000000001137,0.22000000000002728,-0.160000000000025,0.03999999999996362
2020-11-18 04:13:00,0.03999999999996362,0.19499999999999318,-0.20000000000004547,0.024999999999977263
2020-11-18 04:14:00,0.024999999999977263,0.30999999999994543,-0.13999999999998636,0.03999999999996362
2020-11-18 04:15:00,0.03999999999996362,0.18999999999994088,-0.17000000000007276,0.04000000000007731
2020-11-18 04:16:00,0.03500000000002501,0.1400000000000432,-0.18999999999994088,-0.04000000000007731
2020-11-18 04:17:00,-0.04000000000007731,0.18500000000005912,-0.26499999999998636,-0.03499999999996817
2020-11-18 04:18:00,-0.03499999999996817,0.07000000000005002,-0.14999999999997726,0.009999999999990905
2020-11-18 04:19:00,0.08999999999997499,0.08999999999997499,-0.1099999999999568,-0.009999999999990905
2020-11-18 04:20:00,-0.009999999999990905,0.2099999999999227,-0.14999999999997726,0.06999999999993634
2020-11-18 04:21:00,0.06999999999993634,0.19999999999998863,-0.125,0.06999999999999318
2020-11-18 04:22:00,0.06999999999999318,0.18999999999999773,-0.06499999999994088,0.09000000000003183
2020-11-18 04:23:00,0.09000000000003183,0.26000000000004775,-0.03999999999996362,0.08000000000004093
2020-11-18 04:24:00,0.08000000000004093,0.2300000000000182,-0.1400000000000432,0.0999999999999659
2020-11-18 04:25:00,0.0999999999999659,0.19000000000005457,-0.125,0.05000000000001137
2020-11-18 04:26:00,0.05000000000001137,0.16500000000002046,-0.16999999999995907,0.1099999999999568
2020-11-18 04:27:00,0.1099999999999568,0.32499999999998863,-0.13999999999998636,0.1400000000000432
2020-11-18 04:28:00,0.1400000000000432,0.3100000000000591,-0.08999999999997499,-0.08499999999992269
2020-11-18 04:29:00,-0.1349999999999909,0.3700000000000614,-0.18000000000006366,0.3450000000000273
2020-11-18 04:30:00,0.3450000000000273,0.3550000000000182,-0.2099999999999227,-0.01999999999998181
2020-11-18 04:31:00,-0.01999999999998181,0.17500000000001137,-0.24500000000000455,-0.19500000000005002
2020-11-18 04:32:00,-0.19000000000005457,0.01999999999998181,-0.22000000000002728,-0.1099999999999568
2020-11-18 04:33:00,-0.1099999999999568,0.04000000000007731,-0.2300000000000182,-0.020000000000038654
2020-11-18 04:34:00,-0.020000000000038654,0.07000000000005002,-0.24500000000000455,-0.029999999999972715
2020-11-18 04:35:00,-0.029999999999972715,0.160000000000025,-0.1500000000000341,0.020000000000038654
2020-11-18 04:36:00,0.020000000000038654,0.17000000000007276,-0.25,-0.05999999999994543
2020-11-18 04:37:00,-0.05999999999994543,0.2400000000000091,-0.1650000000000773,0.05999999999994543
2020-11-18 04:38:00,0.08999999999997499,0.2999999999999545,-0.07999999999998408,0.11000000000001364
2020-11-18 04:39:00,0.11000000000001364,0.30000000000001137,-0.05000000000001137,0.160000000000025
2020-11-18 04:40:00,0.160000000000025,0.24500000000000455,-0.08000000000004093,0.19000000000005457
2020-11-18 04:41:00,0.19000000000005457,0.30999999999994543,-0.014999999999986358,0.18000000000006366
2020-11-18 04:42:00,0.18000000000006366,0.375,-0.01999999999998181,0.20000000000004547
2020-11-18 04:43:00,0.20000000000004547,0.35000000000002274,-0.01999999999998181,0.0049999999999954525
2020-11-18 04:44:00,0.0049999999999954525,0.27499999999997726,-0.01999999999998181,0.06999999999993634
2020-11-18 04:45:00,0.06999999999993634,0.3900000000000432,-0.009999999999990905,0.1500000000000341
2020-11-18 04:46:00,0.1500000000000341,0.46999999999997044,-0.01999999999998181,0.22000000000002728
2020-11-18 04:47:00,0.22000000000002728,0.42000000000007276,-0.009999999999990905,0.16499999999996362
2020-11-18 04:48:00,0.16499999999996362,0.26499999999998636,-0.05500000000000682,0.11000000000001364
2020-11-18 04:49:00,0.10500000000001819,0.3100000000000591,-0.025000000000034106,0.26000000000004775
2020-11-18 04:50:00,0.23500000000001364,0.29000000000002046,0.0,0.10500000000001819
2020-11-18 04:51:00,0.10500000000001819,0.15999999999996817,-0.12999999999999545,0.029999999999972715
2020-11-18 04:52:00,0.029999999999972715,0.2099999999999227,-0.160000000000025,-0.020000000000038654
2020-11-18 04:53:00,-0.020000000000038654,0.3149999999999409,-0.020000000000038654,0.0999999999999659
2020-11-18 04:54:00,0.0999999999999659,0.29000000000002046,-0.1400000000000432,-5.684341886080802e-14
2020-11-18 04:55:00,0.024999999999977263,0.32999999999992724,-0.045000000000015916,0.1500000000000341
2020-11-18 04:56:00,0.1500000000000341,0.3849999999999909,-0.020000000000038654,0.1999999999999318
2020-11-18 04:57:00,0.1999999999999318,0.34499999999997044,-0.014999999999986358,0.07999999999998408
2020-11-18 04:58:00,0.07999999999998408,0.2999999999999545,0.060000000000002274,0.19000000000005457
2020-11-18 04:59:00,0.19000000000005457,0.3149999999999409,0.07000000000005002,0.22000000000002728
2020-11-18 05:00:00,0.22000000000002728,0.38999999999998636,0.029999999999972715,0.20500000000004093
2020-11-18 05:01:00,0.25499999999999545,0.3300000000000409,0.045000000000015916,0.25
2020-11-18 05:02:00,0.25,0.4700000000000273,0.09000000000003183,0.2400000000000091
2020-11-18 05:03:00,0.2400000000000091,0.375,0.01999999999998181,0.28499999999996817
2020-11-18 05:04:00,0.28499999999996817,0.3199999999999932,0.06999999999999318,0.2599999999999909
2020-11-18 05:05:00,0.18999999999999773,0.3199999999999932,0.14999999999997726,0.17999999999994998
2020-11-18 05:06:00,0.17999999999994998,0.32999999999992724,0.05500000000000682,0.3199999999999932
2020-11-18 05:07:00,0.3199999999999932,0.34000000000003183,0.009999999999990905,0.20999999999997954
2020-11-18 05:08:00,0.20999999999997954,0.2799999999999727,-0.045000000000015916,0.11000000000001364
2020-11-18 05:09:00,0.11000000000001364,0.2599999999999909,-0.0049999999999954525,0.009999999999990905
2020-11-18 05:10:00,0.009999999999990905,0.27499999999997726,-0.060000000000002274,0.21000000000003638
2020-11-18 05:11:00,0.21000000000003638,0.45999999999997954,0.0049999999999954525,0.19000000000005457
2020-11-18 05:12:00,0.19000000000005457,0.4199999999999591,-0.049999999999954525,0.31999999999993634
2020-11-18 05:13:00,0.1449999999999818,0.44000000000005457,-0.10500000000001819,0.060000000000002274
2020-11-18 05:14:00,1.0600000000000023,1.1949999999999932,-0.2300000000000182,-0.04499999999995907
2020-11-18 05:15:00,-0.014999999999986358,0.29500000000007276,-0.2799999999999727,-0.08000000000004093
2020-11-18 05:16:00,-0.08000000000004093,0.22000000000002728,-0.29500000000007276,-0.05000000000006821
2020-11-18 05:17:00,-0.07000000000005002,0.2899999999999636,-0.13999999999998636,0.06000000000005912
2020-11-18 05:18:00,0.06000000000005912,0.27000000000003865,-0.07499999999993179,0.11000000000001364
2020-11-18 05:19:00,0.11000000000001364,0.4199999999999591,-0.020000000000038654,0.24000000000006594
2020-11-18 05:20:00,0.24000000000006594,0.37000000000000455,-0.06999999999999318,0.1400000000000432
2020-11-18 05:21:00,0.1400000000000432,0.29500000000007276,-0.009999999999990905,0.05000000000006821
2020-11-18 05:22:00,0.05000000000006821,0.33499999999997954,-0.11000000000001364,0.11000000000001364
2020-11-18 05:23:00,0.11000000000001364,0.25,-0.01999999999998181,0.06999999999993634
2020-11-18 05:24:00,0.06999999999993634,0.4600000000000364,0.009999999999934062,0.3900000000000432
2020-11-18 05:25:00,0.3800000000000523,0.5050000000000523,0.05000000000006821,0.05000000000006821
2020-11-18 05:26:00,0.05000000000006821,0.375,-0.009999999999990905,0.03499999999996817
2020-11-18 05:27:00,0.05999999999994543,0.4300000000000068,0.009999999999990905,0.25
2020-11-18 05:28:00,0.25,0.5100000000000477,-0.07999999999998408,0.17999999999994998
2020-11-18 05:29:00,0.17999999999994998,0.44999999999998863,-0.03999999999996362,0.049999999999954525
2020-11-18 05:30:00,0.049999999999954525,0.22000000000002728,-0.2300000000000182,0.09000000000003183
2020-11-18 05:31:00,0.08500000000003638,0.160000000000025,-0.12000000000000455,-0.07000000000005002
2020-11-18 05:32:00,-0.07000000000005002,0.17999999999994998,-0.15999999999996817,-0.12999999999999545
2020-11-18 05:33:00,-0.12999999999999545,-0.060000000000002274,-0.28499999999996817,-0.1400000000000432
2020-11-18 05:34:00,-0.1400000000000432,0.06500000000005457,-0.20999999999997954,5.684341886080802e-14
2020-11-18 05:35:00,5.684341886080802e-14,0.20000000000004547,-0.2650000000000432,-0.04000000000007731
2020-11-18 05:36:00,-0.04000000000007731,0.20499999999998408,-0.26499999999998636,-0.18500000000000227
2020-11-18 05:37:00,-0.22000000000002728,0.13999999999998636,-0.24500000000000455,-0.19500000000005002
2020-11-18 05:38:00,-0.19500000000005002,0.22000000000002728,-0.22000000000002728,-0.04000000000007731
2020-11-18 05:39:00,-0.04000000000007731,0.15499999999997272,-0.160000000000025,0.009999999999990905
2020-11-18 05:40:00,0.009999999999990905,0.27000000000003865,-0.2999999999999545,-0.05999999999994543
2020-11-18 05:41:00,-0.05999999999994543,0.20000000000004547,-0.15999999999996817,0.05000000000006821
2020-11-18 05:42:00,0.05000000000006821,0.20999999999997954,-0.03999999999996362,0.040000000000020464
2020-11-18 05:43:00,0.040000000000020464,0.32000000000005,-0.09000000000003183,0.0
2020-11-18 05:44:00,-0.05000000000001137,0.3299999999999841,-0.1150000000000091,-0.0049999999999954525
2020-11-18 05:45:00,-0.0049999999999954525,0.18500000000000227,-0.17000000000001592,-0.020000000000038654
2020-11-18 05:46:00,-0.020000000000038654,0.20499999999998408,-0.1349999999999909,0.19000000000005457
2020-11-18 05:47:00,0.16500000000002046,0.16500000000002046,-0.09000000000003183,0.10500000000001819
2020-11-18 05:48:00,0.10500000000001819,0.15999999999996817,-0.22000000000002728,0.01999999999998181
2020-11-18 05:49:00,0.01999999999998181,0.3100000000000591,-0.07999999999998408,0.049999999999954525
2020-11-18 05:50:00,0.049999999999954525,0.19999999999998863,-0.10000000000002274,0.05500000000000682
2020-11-18 05:51:00,0.05500000000000682,0.18000000000006366,-0.1449999999999818,0.01999999999998181
2020-11-18 05:52:00,0.01999999999998181,0.22000000000002728,-0.12999999999999545,-0.12999999999999545
2020-11-18 05:53:00,-0.1099999999999568,0.1500000000000341,-0.1099999999999568,0.03000000000002956
2020-11-18 05:54:00,0.03000000000002956,0.1349999999999909,-0.21999999999997044,0.01999999999998181
2020-11-18 05:55:00,0.024999999999977263,0.16999999999995907,-0.17000000000001592,-0.020000000000038654
2020-11-18 05:56:00,-0.020000000000038654,0.19999999999998863,-0.12000000000000455,-0.0049999999999954525
2020-11-18 05:57:00,-0.0049999999999954525,0.08000000000004093,-0.21000000000003638,-0.029999999999972715
2020-11-18 05:58:00,-0.029999999999972715,0.21999999999997044,-0.03500000000002501,0.029999999999972715
2020-11-18 05:59:00,0.029999999999972715,0.27000000000003865,-0.05000000000001137,0.12000000000006139
2020-11-18 06:00:00,0.12000000000006139,0.2900000000000773,0.030000000000086402,0.2900000000000773
2020-11-18 06:01:00,0.2900000000000773,0.375,0.09499999999997044,0.22500000000002274
2020-11-18 06:02:00,0.22500000000002274,0.5500000000000114,0.10500000000001819,0.22000000000002728
2020-11-18 06:03:00,0.22000000000002728,0.32000000000005,0.029999999999972715,0.029999999999972715
2020-11-18 06:04:00,0.029999999999972715,0.39999999999997726,0.009999999999990905,0.27000000000003865
2020-11-18 06:05:00,0.27000000000003865,0.7849999999999682,-0.19000000000005457,0.0999999999999659
2020-11-18 06:06:00,0.0999999999999659,0.3100000000000591,-0.21500000000003183,0.03999999999996362
2020-11-18 06:07:00,0.03999999999996362,0.16999999999995907,-0.2400000000000091,-0.030000000000086402
2020-11-18 06:08:00,-0.07499999999998863,0.3199999999999932,-0.08999999999997499,0.10000000000002274
2020-11-18 06:09:00,0.10000000000002274,0.3100000000000023,-0.03499999999996817,0.12000000000006139
2020-11-18 06:10:00,0.12000000000006139,0.4149999999999636,0.020000000000038654,0.17000000000007276
2020-11-18 06:11:00,0.17000000000007276,0.4500000000000455,0.09500000000002728,0.17000000000007276
2020-11-18 06:12:00,0.17000000000007276,0.17000000000007276,-0.03500000000002501,0.07000000000005002
2020-11-18 06:13:00,0.07000000000005002,0.12999999999999545,-0.08000000000004093,0.06999999999993634
2020-11-18 06:14:00,0.06999999999993634,0.07999999999998408,-0.17000000000001592,0.05000000000001137
2020-11-18 06:15:00,0.05000000000001137,0.060000000000002274,-0.049999999999954525,0.049999999999954525
2020-11-18 06:16:00,0.049999999999954525,0.20499999999992724,-0.024999999999977263,0.09000000000003183
2020-11-18 06:17:00,0.09000000000003183,0.2400000000000091,-0.22000000000002728,0.08999999999997499
2020-11-18 06:18:00,0.08999999999997499,0.35499999999996135,0.07999999999998408,0.2599999999999909
2020-11-18 06:19:00,0.2599999999999909,0.46500000000003183,0.12999999999999545,0.28000000000002956
2020-11-18 06:20:00,0.25499999999999545,0.2900000000000773,0.11000000000001364,0.1500000000000341
2020-11-18 06:21:00,0.1500000000000341,0.17500000000001137,-0.08000000000004093,-0.040000000000020464
2020-11-18 06:22:00,-0.040000000000020464,0.2300000000000182,-0.08000000000004093,0.08999999999997499
2020-11-18 06:23:00,0.08999999999997499,0.15999999999996817,0.06499999999994088,0.15999999999996817
2020-11-18 06:24:00,0.15999999999996817,0.25,0.03999999999996362,0.03999999999996362
2020-11-18 06:25:00,0.03999999999996362,0.09000000000003183,-0.12000000000000455,0.07000000000005002
2020-11-18 06:26:00,0.07000000000005002,0.1299999999999386,0.014999999999986358,0.06999999999999318
2020-11-18 06:27:00,0.06999999999999318,0.18999999999999773,-0.09000000000003183,0.08000000000004093
2020-11-18 06:28:00,0.08000000000004093,0.10500000000001819,0.0049999999999954525,0.009999999999990905
2020-11-18 06:29:00,0.009999999999990905,0.01999999999998181,-0.040000000000020464,0.01999999999998181
2020-11-18 06:30:00,0.01999999999998181,0.20500000000004093,-0.010000000000047748,0.14999999999997726
2020-11-18 06:31:00,0.14999999999997726,0.19999999999998863,-0.025000000000034106,0.08000000000004093
2020-11-18 06:32:00,0.08000000000004093,0.08499999999997954,-0.1500000000000341,0.03999999999996362
2020-11-18 06:33:00,0.03999999999996362,0.040000000000020464,-0.060000000000002274,-0.029999999999972715
2020-11-18 06:34:00,-0.029999999999972715,0.26499999999998636,-0.160000000000025,0.12000000000000455
2020-11-18 06:35:00,0.12000000000000455,0.13999999999998636,-0.08999999999997499,0.05000000000006821
2020-11-18 06:36:00,0.05000000000006821,0.17000000000001592,-0.07999999999992724,0.07000000000005002
2020-11-18 06:37:00,0.07000000000005002,0.3100000000000023,0.03000000000002956,0.19500000000005002
2020-11-18 06:38:00,0.18999999999999773,0.3149999999999409,-0.22000000000002728,0.29000000000002046
2020-11-18 06:39:00,0.29000000000002046,0.35000000000002274,0.25,0.25
2020-11-18 06:40:00,0.25,0.25,0.03999999999996362,0.06999999999993634
2020-11-18 06:41:00,0.06999999999993634,0.17999999999994998,0.0,0.17999999999994998
2020-11-18 06:42:00,0.17999999999994998,0.37000000000000455,0.17999999999994998,0.20999999999997954
2020-11-18 06:43:00,0.20999999999997954,0.20999999999997954,0.20999999999997954,0.20999999999997954
2020-11-18 06:44:00,0.20999999999997954,0.20999999999997954,0.045000000000015916,0.11000000000001364
2020-11-18 06:45:00,0.11000000000001364,0.20499999999998408,0.05500000000000682,0.13999999999998636
2020-11-18 06:46:00,0.13999999999998636,0.40999999999996817,-0.09000000000003183,0.38999999999998636
2020-11-18 06:47:00,0.38999999999998636,0.42000000000007276,0.12000000000000455,0.3299999999999841
2020-11-18 06:48:00,0.3299999999999841,0.3299999999999841,0.09000000000003183,0.2299999999999045
2020-11-18 06:49:00,0.2299999999999045,0.42999999999995,0.18499999999994543,0.3700000000000614
2020-11-18 06:50:00,0.3700000000000614,0.3700000000000614,0.04500000000007276,0.1349999999999909
2020-11-18 06:51:00,0.1349999999999909,0.19999999999998863,-0.07000000000005002,0.06999999999993634
2020-11-18 06:52:00,0.06999999999993634,0.27000000000003865,0.029999999999972715,0.1500000000000341
2020-11-18 06:53:00,0.1500000000000341,0.38999999999998636,0.040000000000020464,0.24999999999994316
2020-11-18 06:54:00,0.24999999999994316,0.5299999999999727,0.24999999999994316,0.3300000000000409
2020-11-18 06:55:00,0.3300000000000409,0.45999999999997954,0.25,0.2899999999999636
2020-11-18 06:56:00,0.2899999999999636,0.35000000000002274,0.03999999999996362,0.12000000000000455
2020-11-18 06:57:00,0.12000000000000455,0.2599999999999909,0.1099999999999568,0.20000000000004547
2020-11-18 06:58:00,0.20000000000004547,0.20000000000004547,0.01999999999998181,0.01999999999998181
2020-11-18 06:59:00,0.01999999999998181,0.2699999999999818,0.0,0.12000000000000455
2020-11-18 07:00:00,0.12000000000000455,0.15499999999997272,-0.09000000000003183,0.03999999999996362
2020-11-18 07:01:00,0.03999999999996362,0.20499999999998408,-0.025000000000034106,0.07999999999998408
2020-11-18 07:02:00,0.07999999999998408,0.19999999999998863,-0.05000000000001137,0.01999999999998181
2020-11-18 07:03:00,0.01999999999998181,0.2599999999999909,-0.01999999999998181,0.07999999999992724
2020-11-18 07:04:00,0.07999999999992724,0.1500000000000341,0.0,0.1500000000000341
2020-11-18 07:05:00,0.1500000000000341,0.20000000000004547,0.029999999999972715,0.08000000000004093
2020-11-18 07:06:00,0.08000000000004093,0.12999999999999545,-0.10000000000002274,0.06499999999999773
2020-11-18 07:07:00,0.06499999999999773,0.12000000000000455,-0.20000000000004547,0.07999999999992724
2020-11-18 07:08:00,0.07999999999992724,0.4049999999999727,-0.05000000000001137,0.25
2020-11-18 07:09:00,0.25,0.34000000000003183,0.03499999999996817,0.18999999999999773
2020-11-18 07:10:00,0.18999999999999773,0.36000000000001364,0.03999999999996362,0.14999999999997726
2020-11-18 07:11:00,0.14999999999997726,0.3100000000000023,-0.009999999999990905,0.15999999999996817
2020-11-18 07:12:00,0.15999999999996817,0.2599999999999909,0.07999999999998408,0.15999999999996817
2020-11-18 07:13:00,0.15999999999996817,0.4199999999999591,-0.029999999999972715,0.11000000000001364
2020-11-18 07:14:00,0.11000000000001364,0.38999999999998636,-0.040000000000020464,0.07999999999992724
2020-11-18 07:15:00,0.07999999999992724,0.42500000000001137,-0.029999999999972715,0.125
2020-11-18 07:16:00,0.14999999999997726,0.40999999999996817,5.684341886080802e-14,0.3900000000000432
2020-11-18 07:17:00,0.3900000000000432,0.3900000000000432,0.08499999999997954,0.11000000000001364
2020-11-18 07:18:00,0.11000000000001364,0.40999999999996817,-0.06999999999999318,0.1500000000000341
2020-11-18 07:19:00,0.1500000000000341,0.4800000000000182,0.1400000000000432,0.1400000000000432
2020-11-18 07:20:00,0.1400000000000432,0.3900000000000432,0.04000000000007731,0.22000000000002728
2020-11-18 07:21:00,0.22000000000002728,0.49000000000006594,0.030000000000086402,0.1999999999999318
2020-11-18 07:22:00,0.1999999999999318,0.4000000000000341,0.125,0.2599999999999909
2020-11-18 07:23:00,0.2599999999999909,0.3700000000000614,0.07000000000005002,0.2799999999999727
2020-11-18 07:24:00,0.2799999999999727,0.36000000000001364,0.0,0.22000000000002728
2020-11-18 07:25:00,0.22000000000002728,0.4050000000000864,0.049999999999954525,0.37999999999999545
2020-11-18 07:26:00,0.37999999999999545,0.37999999999999545,-0.009999999999990905,0.16999999999995907
2020-11-18 07:27:00,0.16999999999995907,0.3599999999999568,0.024999999999977263,0.160000000000025
2020-11-18 07:28:00,0.160000000000025,0.2899999999999636,0.049999999999954525,0.049999999999954525
2020-11-18 07:29:00,0.049999999999954525,0.3299999999999841,0.049999999999954525,0.2300000000000182
2020-11-18 07:30:00,0.2300000000000182,0.3100000000000023,0.009999999999990905,0.13999999999998636
2020-11-18 07:31:00,0.13999999999998636,0.2400000000000091,-0.11000000000001364,0.08999999999997499
2020-11-18 07:32:00,0.08999999999997499,0.39500000000003865,-0.12999999999999545,0.16999999999995907
2020-11-18 07:33:00,0.16999999999995907,0.32000000000005,-5.684341886080802e-14,0.0999999999999659
2020-11-18 07:34:00,0.0999999999999659,0.45499999999992724,0.029999999999972715,0.3449999999999136
2020-11-18 07:35:00,0.3449999999999136,0.4800000000000182,0.07000000000005002,0.3299999999999841
2020-11-18 07:36:00,0.3299999999999841,0.4199999999999591,0.014999999999986358,0.21999999999997044
2020-11-18 07:37:00,0.21999999999997044,0.40999999999996817,-0.04499999999995907,0.17000000000007276
2020-11-18 07:38:00,0.17000000000007276,0.4000000000000341,0.12000000000000455,0.13999999999998636
2020-11-18 07:39:00,0.18999999999999773,0.36000000000001364,0.07000000000005002,0.12999999999999545
2020-11-18 07:40:00,0.20499999999992724,0.5,0.06500000000005457,0.46999999999997044
2020-11-18 07:41:00,0.46999999999997044,0.5299999999999727,0.2599999999999909,0.35000000000002274
2020-11-18 07:42:00,0.35000000000002274,0.4600000000000364,0.0999999999999659,0.35000000000002274
2020-11-18 07:43:00,0.35000000000002274,0.4049999999999727,0.07999999999998408,0.19000000000005457
2020-11-18 07:44:00,0.19000000000005457,0.37000000000000455,0.07999999999998408,0.37000000000000455
2020-11-18 07:45:00,0.37000000000000455,0.4549999999999841,0.12999999999999545,0.38999999999998636
2020-11-18 07:46:00,0.38999999999998636,0.4399999999999977,0.24500000000000455,0.40999999999996817
2020-11-18 07:47:00,0.40999999999996817,0.49000000000006594,0.30999999999994543,0.42999999999995
2020-11-18 07:48:00,0.42999999999995,0.5799999999999841,0.28000000000002956,0.40999999999996817
2020-11-18 07:49:00,,,,
2020-11-18 07:50:00,0.37999999999999545,0.37999999999999545,0.27000000000003865,0.2799999999999727
2020-11-18 07:51:00,0.2799999999999727,0.3700000000000614,-0.015000000000043201,0.17999999999994998
2020-11-18 07:52:00,0.17999999999994998,0.31999999999993634,0.009999999999990905,0.17999999999994998
2020-11-18 07:53:00,0.17999999999994998,0.2300000000000182,0.11000000000001364,0.18000000000006366
2020-11-18 07:54:00,0.18000000000006366,0.41500000000002046,0.04000000000007731,0.22999999999996135
2020-11-18 07:55:00,0.22999999999996135,0.5000000000000568,0.11000000000001364,0.21000000000003638
2020-11-18 07:56:00,0.21000000000003638,0.5049999999999955,0.05000000000006821,0.1999999999999318
2020-11-18 07:57:00,0.1999999999999318,0.28000000000002956,-0.009999999999990905,0.22999999999996135
2020-11-18 07:58:00,0.22999999999996135,0.37000000000000455,-0.0049999999999954525,0.18000000000000682
2020-11-18 07:59:00,0.18000000000000682,0.43000000000006366,0.05999999999994543,0.2400000000000091
2020-11-18 08:00:00,0.2400000000000091,0.34000000000003183,0.01999999999998181,0.17999999999994998
2020-11-18 08:01:00,0.17999999999994998,0.21500000000003183,-0.23500000000001364,-0.09000000000003183
2020-11-18 08:02:00,-0.09000000000003183,0.05000000000001137,-0.2400000000000091,-0.10500000000001819
2020-11-18 08:03:00,-0.10500000000001819,0.055000000000063665,-0.2750000000000341,-0.18999999999999773
2020-11-18 08:04:00,-0.18999999999999773,0.06999999999993634,-0.4550000000000409,-0.04499999999995907
2020-11-18 08:05:00,-0.04499999999995907,0.08500000000003638,-0.17000000000007276,-0.17000000000007276
2020-11-18 08:06:00,-0.26000000000004775,0.22500000000002274,-0.2900000000000773,-0.17999999999994998
2020-11-18 08:07:00,-0.17999999999994998,0.03000000000002956,-0.2900000000000773,-0.10499999999996135
2020-11-18 08:08:00,-0.10499999999996135,-0.0049999999999954525,-0.4600000000000364,-0.17999999999994998
2020-11-18 08:09:00,-0.17999999999994998,0.2349999999999568,-0.4550000000000409,-0.16999999999995907
2020-11-18 08:10:00,-0.16999999999995907,0.09500000000002728,-0.4300000000000068,-0.12000000000006139
2020-11-18 08:11:00,-0.13500000000004775,0.17000000000007276,-0.36499999999995225,-0.1199999999999477
2020-11-18 08:12:00,-0.1199999999999477,0.08500000000003638,-0.34000000000003183,-0.07000000000005002
2020-11-18 08:13:00,,,,
2020-11-18 08:14:00,-1.6900000000000546,0.2249999999999659,-1.6900000000000546,0.009999999999990905
2020-11-18 08:15:00,0.014999999999986358,0.3000000000000682,-0.2550000000000523,0.1199999999999477
2020-11-18 08:16:00,0.1199999999999477,0.35000000000002274,-0.3650000000000091,0.03500000000002501
2020-11-18 08:17:00,0.03500000000002501,0.6300000000000523,-0.23500000000001364,-0.09000000000003183
2020-11-18 08:18:00,-0.09000000000003183,0.1150000000000091,-0.5200000000000955,0.06999999999999318
2020-11-18 08:19:00,0.04499999999995907,0.2300000000000182,-0.4000000000000341,-0.03000000000002956
2020-11-18 08:20:00,-0.07000000000005002,0.18999999999999773,-0.410000000000025,-0.25
2020-11-18 08:21:00,-0.25,0.18000000000006366,-0.31999999999993634,-0.1750000000000682
2020-11-18 08:22:00,-0.1750000000000682,0.3299999999999841,-0.30499999999995,-0.024999999999977263
2020-11-18 08:23:00,-0.024999999999977263,0.1449999999999818,-0.3499999999999659,-0.12000000000006139
2020-11-18 08:24:00,-0.12000000000006139,0.030000000000086402,-0.35499999999996135,-0.12999999999999545
2020-11-18 08:25:00,,,,
2020-11-18 08:26:00,1.5049999999999955,1.5399999999999636,-0.4550000000000409,-0.2699999999999818
2020-11-18 08:27:00,-0.2699999999999818,0.18500000000005912,-0.4399999999999409,-0.27499999999997726
2020-11-18 08:28:00,-0.27499999999997726,0.01999999999998181,-0.44499999999993634,-0.2949999999999591
2020-11-18 08:29:00,-0.2949999999999591,-0.08499999999992269,-0.4300000000000068,-0.30000000000001137
2020-11-18 08:30:00,-0.30000000000001137,0.37500000000005684,-0.5550000000000637,-0.19499999999999318
2020-11-18 08:31:00,-0.2949999999999591,0.34000000000003183,-0.2999999999999545,-0.07999999999998408
2020-11-18 08:32:00,-0.07999999999998408,0.22500000000002274,-0.214999999999975,-0.03999999999996362
2020-11-18 08:33:00,-0.03999999999996362,0.10499999999996135,-0.22000000000002728,-0.0049999999999954525
2020-11-18 08:34:00,-0.9650000000000318,0.2650000000000432,-0.9650000000000318,0.049999999999954525
2020-11-18 08:35:00,0.049999999999954525,0.31500000000005457,-0.13999999999998636,0.09499999999997044
2020-11-18 08:36:00,0.09499999999997044,0.32000000000005,-0.45499999999992724,-0.060000000000002274
2020-11-18 08:37:00,-0.009999999999990905,0.3849999999999909,-0.26000000000004775,0.009999999999990905
2020-11-18 08:38:00,0.009999999999990905,0.3100000000000591,-0.4549999999999841,-0.2950000000000159
2020-11-18 08:39:00,-0.3599999999999568,0.20499999999998408,-0.48500000000001364,-0.20500000000004093
2020-11-18 08:40:00,-0.3849999999999909,0.3350000000000364,-0.5900000000000318,0.05000000000001137
2020-11-18 08:41:00,0.05000000000001137,0.4149999999999636,-0.3050000000000068,-0.08499999999997954
2020-11-18 08:42:00,-0.08499999999997954,0.3000000000000682,-0.18000000000000682,0.1150000000000091
2020-11-18 08:43:00,0.09499999999997044,0.2349999999999568,-0.35499999999996135,-0.040000000000020464
2020-11-18 08:44:00,-0.040000000000020464,0.20000000000004547,-0.2599999999999909,-0.1099999999999568
2020-11-18 08:45:00,-0.1099999999999568,0.09500000000002728,-0.34000000000003183,-0.18500000000000227
2020-11-18 08:46:00,-0.18500000000000227,0.15999999999996817,-0.24500000000000455,0.020000000000038654
2020-11-18 08:47:00,0.020000000000038654,0.3450000000000273,-0.1349999999999909,-0.06499999999999773
2020-11-18 08:48:00,-0.06499999999999773,0.08499999999997954,-0.18500000000005912,-0.05000000000006821
2020-11-18 08:49:00,-0.05000000000006821,0.15500000000002956,-0.4200000000000159,0.049999999999954525
2020-11-18 08:50:00,0.049999999999954525,0.22500000000002274,-0.29000000000002046,-0.01999999999998181
2020-11-18 08:51:00,-0.01999999999998181,0.13999999999998636,-0.09500000000002728,-0.049999999999954525
2020-11-18 08:52:00,-0.049999999999954525,0.15999999999996817,-0.32000000000005,0.03000000000002956
2020-11-18 08:53:00,0.03000000000002956,0.2349999999999568,-0.13999999999998636,-0.01999999999998181
2020-11-18 08:54:00,-0.01999999999998181,0.12999999999999545,-0.11000000000001364,-0.01999999999998181
2020-11-18 08:55:00,-0.01999999999998181,0.12000000000000455,-0.37000000000000455,-0.15499999999997272
2020-11-18 08:56:00,-0.15999999999996817,0.09499999999997044,-0.22500000000002274,-0.040000000000020464
2020-11-18 08:57:00,-0.040000000000020464,0.18500000000005912,-0.2599999999999909,-0.05999999999994543
2020-11-18 08:58:00,-0.05999999999994543,0.12000000000000455,-0.20000000000004547,-0.03999999999996362
2020-11-18 08:59:00,-0.03999999999996362,0.07000000000005002,-0.2950000000000159,-0.09500000000002728
2020-11-18 09:00:00,0.3149999999999977,0.3199999999999932,-0.3900000000000432,-0.12999999999999545
2020-11-18 09:01:00,-0.12999999999999545,0.37999999999999545,-0.19499999999999318,-0.009999999999990905
2020-11-18 09:02:00,-0.009999999999990905,0.2800000000000864,-0.3100000000000023,0.05000000000001137
2020-11-18 09:03:00,0.05000000000001137,0.3450000000000273,-0.25,-0.029999999999972715
2020-11-18 09:04:00,-0.029999999999972715,0.3299999999999841,-0.19000000000005457,0.12000000000006139
2020-11-18 09:05:00,0.12000000000006139,0.32000000000005,-0.35000000000002274,-0.08000000000004093
2020-11-18 09:06:00,-0.08000000000004093,0.1150000000000091,-0.2249999999999659,0.0
2020-11-18 09:07:00,0.0,0.17000000000007276,-0.20999999999997954,-0.01999999999998181
2020-11-18 09:08:00,-0.01999999999998181,0.16500000000002046,-0.15500000000002956,0.009999999999990905
2020-11-18 09:09:00,0.009999999999990905,0.1500000000000341,-0.07000000000005002,0.11000000000001364
2020-11-18 09:10:00,0.11000000000001364,0.27000000000003865,-0.12999999999999545,-0.01999999999998181
2020-11-18 09:11:00,-0.01999999999998181,0.1150000000000091,-0.3100000000000591,-0.12000000000000455
2020-11-18 09:12:00,-0.12000000000000455,0.07999999999998408,-0.22000000000002728,-0.020000000000038654
2020-11-18 09:13:00,-0.020000000000038654,0.160000000000025,-0.23500000000001364,0.09000000000003183
2020-11-18 09:14:00,0.09000000000003183,0.20000000000004547,-0.17000000000007276,0.09000000000003183
2020-11-18 09:15:00,0.09000000000003183,0.3799999999999386,-0.41500000000002046,-0.10000000000002274
2020-11-18 09:16:00,-0.10000000000002274,0.48500000000001364,-0.3199999999999932,0.009999999999990905
2020-11-18 09:17:00,0.009999999999990905,0.17999999999994998,-0.06000000000005912,0.09000000000003183
2020-11-18 09:18:00,0.09000000000003183,0.3100000000000023,-0.1400000000000432,0.01999999999998181
2020-11-18 09:19:00,0.01999999999998181,0.16999999999995907,-0.3050000000000068,-0.05000000000006821
2020-11-18 09:20:00,-0.05000000000006821,0.08999999999997499,-0.22500000000002274,0.0049999999999954525
2020-11-18 09:21:00,0.0049999999999954525,0.12000000000006139,-0.2599999999999909,-0.05000000000001137
2020-11-18 09:22:00,-0.05000000000001137,0.09000000000003183,-0.2999999999999545,0.03000000000002956
2020-11-18 09:23:00,0.03000000000002956,0.03000000000002956,-0.21999999999997044,-0.17999999999994998
2020-11-18 09:24:00,-0.17999999999994998,0.03999999999996362,-0.3900000000000432,-0.05999999999994543
2020-11-18 09:25:00,-0.05999999999994543,-0.009999999999990905,-0.2799999999999727,-0.22000000000002728
2020-11-18 09:26:00,-0.22000000000002728,0.0,-0.32000000000005,-0.1400000000000432
2020-11-18 09:27:00,-0.1400000000000432,0.06499999999999773,-0.35000000000002274,-0.18999999999994088
2020-11-18 09:28:00,-0.18999999999994088,0.3149999999999409,-0.3300000000000409,-0.08999999999997499
2020-11-18 09:29:00,-0.08999999999997499,0.04499999999995907,-0.2799999999999727,-0.09000000000003183
2020-11-18 09:30:00,-0.09000000000003183,0.049999999999954525,-0.27000000000003865,-0.049999999999954525
2020-11-18 09:31:00,-0.049999999999954525,0.2699999999999818,-0.1150000000000091,0.09000000000003183
2020-11-18 09:32:00,0.09000000000003183,0.22000000000002728,-0.22500000000002274,-0.05999999999994543
2020-11-18 09:33:00,-0.05999999999994543,0.060000000000002274,-0.22500000000002274,-0.049999999999954525
2020-11-18 09:34:00,-0.049999999999954525,0.0,-0.32999999999992724,-0.10000000000002274
2020-11-18 09:35:00,-0.10000000000002274,0.0049999999999954525,-0.30000000000001137,-0.2300000000000182
2020-11-18 09:36:00,-0.2300000000000182,0.10000000000002274,-0.2300000000000182,-0.12999999999999545
2020-11-18 09:37:00,-0.22000000000002728,0.19000000000005457,-0.25,-0.07999999999992724
2020-11-18 09:38:00,-0.07999999999992724,0.09499999999997044,-0.21999999999997044,-0.19000000000005457
2020-11-18 09:39:00,-0.19000000000005457,0.12000000000000455,-0.19000000000005457,-0.0049999999999954525
2020-11-18 09:40:00,-0.0049999999999954525,0.18000000000006366,-0.08999999999997499,-0.03999999999996362
2020-11-18 09:41:00,-0.03999999999996362,0.11000000000001364,-0.20000000000004547,0.05500000000000682
2020-11-18 09:42:00,0.05500000000000682,0.09000000000003183,-0.16999999999995907,-0.03000000000002956
2020-11-18 09:43:00,-0.03000000000002956,0.08999999999997499,-0.060000000000002274,-0.03000000000002956
2020-11-18 09:44:00,-0.03000000000002956,0.06999999999999318,-0.10000000000002274,-0.01999999999998181
2020-11-18 09:45:00,-0.01999999999998181,0.20999999999997954,-0.08000000000004093,-0.08000000000004093
2020-11-18 09:46:00,-0.08000000000004093,0.014999999999986358,-0.2400000000000091,0.009999999999990905
2020-11-18 09:47:00,0.009999999999990905,0.05999999999994543,-0.28000000000002956,-0.1349999999999909
2020-11-18 09:48:00,-0.1349999999999909,0.21000000000003638,-0.285000000000025,-0.05000000000001137
2020-11-18 09:49:00,-0.05000000000001137,0.10000000000002274,-0.20499999999998408,-0.07499999999993179
2020-11-18 09:50:00,-0.07499999999993179,0.029999999999972715,-0.3300000000000409,-0.08000000000004093
2020-11-18 09:51:00,-0.08000000000004093,0.19499999999999318,-0.2699999999999818,0.040000000000020464
2020-11-18 09:52:00,0.040000000000020464,0.12000000000000455,-0.10500000000001819,-0.020000000000038654
2020-11-18 09:53:00,-0.020000000000038654,0.12000000000000455,-0.25,-0.03000000000002956
2020-11-18 09:54:00,-0.03000000000002956,0.32999999999992724,-0.11499999999995225,0.0999999999999659
2020-11-18 09:55:00,0.0999999999999659,0.1099999999999568,-0.05000000000006821,0.0
2020-11-18 09:56:00,0.0,0.11000000000001364,-0.17500000000001137,0.07999999999998408
2020-11-18 09:57:00,0.07999999999998408,0.17999999999994998,-0.18999999999994088,0.029999999999972715
2020-11-18 09:58:00,0.029999999999972715,0.17000000000001592,-0.22000000000002728,-0.045000000000015916
2020-11-18 09:59:00,-0.045000000000015916,0.16500000000002046,-0.17999999999994998,0.12000000000000455
2020-11-18 10:00:00,0.12000000000000455,0.3100000000000591,-0.03499999999996817,0.13999999999998636
2020-11-18 10:01:00,0.13999999999998636,0.37000000000000455,0.029999999999972715,0.12999999999999545
2020-11-18 10:02:00,0.12999999999999545,0.20500000000004093,-0.11000000000001364,0.07000000000005002
2020-11-18 10:03:00,0.07000000000005002,0.15499999999997272,-0.17000000000001592,0.01999999999998181
2020-11-18 10:04:00,0.01999999999998181,0.12000000000000455,-0.19499999999999318,0.06499999999994088
2020-11-18 10:05:00,0.06499999999994088,0.20500000000004093,-0.010000000000047748,0.05000000000006821
2020-11-18 10:06:00,0.05000000000006821,0.3000000000000682,-0.08999999999991815,0.22000000000002728
2020-11-18 10:07:00,0.22000000000002728,0.3800000000000523,-0.2599999999999909,-0.03000000000002956
2020-11-18 10:08:00,-0.03000000000002956,0.22000000000002728,-0.30499999999995,0.020000000000038654
2020-11-18 10:09:00,0.020000000000038654,0.03000000000002956,-0.2699999999999818,-0.09000000000003183
2020-11-18 10:10:00,-0.09000000000003183,0.1500000000000341,-0.28499999999996817,-0.2400000000000091
2020-11-18 10:11:00,-0.2400000000000091,0.1449999999999818,-0.29000000000002046,-0.1400000000000432
2020-11-18 10:12:00,-0.1400000000000432,-0.029999999999972715,-0.22000000000002728,-0.07999999999998408
2020-11-18 10:13:00,-0.07999999999998408,-0.04499999999995907,-0.18999999999999773,-0.06999999999999318
2020-11-18 10:14:00,-0.06999999999999318,0.10000000000002274,-0.26499999999998636,-0.03000000000002956
2020-11-18 10:15:00,-0.03000000000002956,0.05000000000001137,-0.27000000000003865,-0.160000000000025
2020-11-18 10:16:00,-0.160000000000025,0.025000000000034106,-0.24999999999994316,-0.1500000000000341
2020-11-18 10:17:00,-0.1500000000000341,-0.014999999999986358,-0.3499999999999659,-0.17000000000007276
2020-11-18 10:18:00,-0.17000000000007276,-0.010000000000047748,-0.27000000000003865,-0.2400000000000091
2020-11-18 10:19:00,-0.2400000000000091,-0.05000000000006821,-0.410000000000025,-0.17000000000001592
2020-11-18 10:20:00,-0.17000000000001592,0.009999999999990905,-0.37000000000000455,-0.20999999999997954
2020-11-18 10:21:00,-0.20999999999997954,-5.684341886080802e-14,-0.38999999999998636,-0.18999999999994088
2020-11-18 10:22:00,-0.18999999999994088,0.08999999999997499,-0.2999999999999545,-0.1299999999999386
2020-11-18 10:23:00,-0.1299999999999386,-0.029999999999972715,-0.12999999999999545,-0.03999999999996362
2020-11-18 10:24:00,-0.03999999999996362,0.09500000000002728,-0.3499999999999659,-0.12000000000006139
2020-11-18 10:25:00,-0.12000000000006139,0.08500000000003638,-0.28499999999996817,-0.07999999999998408
2020-11-18 10:26:00,-0.07999999999998408,-0.049999999999954525,-0.38999999999998636,-0.20999999999997954
2020-11-18 10:27:00,-0.20999999999997954,-0.10500000000001819,-0.49500000000000455,-0.22000000000002728
2020-11-18 10:28:00,-0.22000000000002728,-0.0999999999999659,-0.4500000000000455,-0.21000000000003638
2020-11-18 10:29:00,-0.21000000000003638,0.009999999999990905,-0.2300000000000182,-0.125
2020-11-18 10:30:00,-0.125,0.27000000000003865,-0.125,-0.009999999999990905
2020-11-18 10:31:00,-0.009999999999990905,0.10000000000002274,-0.160000000000025,0.0049999999999954525
2020-11-18 10:32:00,0.05499999999994998,0.07000000000005002,-0.125,0.01999999999998181
2020-11-18 10:33:00,0.01999999999998181,0.20499999999998408,-0.1449999999999818,0.01999999999998181
2020-11-18 10:34:00,0.01999999999998181,0.15999999999996817,-0.11000000000001364,0.020000000000038654
2020-11-18 10:35:00,0.020000000000038654,0.020000000000038654,-0.29000000000002046,-0.17999999999994998
2020-11-18 10:36:00,-0.17999999999994998,0.07000000000005002,-0.2799999999999727,0.01999999999998181
2020-11-18 10:37:00,0.01999999999998181,0.05499999999994998,-0.18999999999994088,-0.03999999999996362
2020-11-18 10:38:00,-0.03999999999996362,0.07499999999998863,-0.2999999999999545,-0.12000000000000455
2020-11-18 10:39:00,-0.12000000000000455,0.13500000000004775,-0.32000000000005,-0.040000000000020464
2020-11-18 10:40:00,-0.040000000000020464,-0.03000000000002956,-0.1750000000000682,-0.17000000000007276
2020-11-18 10:41:00,-0.17000000000007276,0.1500000000000341,-0.17000000000007276,-0.12000000000000455
2020-11-18 10:42:00,-0.12000000000000455,0.16499999999996362,-0.12000000000000455,-0.05000000000001137
2020-11-18 10:43:00,-0.05000000000001137,0.040000000000020464,-0.15499999999997272,-0.11000000000001364
2020-11-18 10:44:00,-0.11000000000001364,0.2300000000000182,-0.11000000000001364,0.2300000000000182
2020-11-18 10:45:00,0.2300000000000182,0.3100000000000591,0.040000000000020464,0.07000000000005002
2020-11-18 10:46:00,0.07000000000005002,0.20000000000004547,-0.06499999999999773,0.03000000000002956
2020-11-18 10:47:00,0.03000000000002956,0.18000000000000682,-0.12999999999999545,0.07000000000005002
2020-11-18 10:48:00,0.07000000000005002,0.10000000000002274,-0.2599999999999909,0.0
2020-11-18 10:49:00,0.0,0.06999999999999318,-0.0999999999999659,-0.0999999999999659
2020-11-18 10:50:00,-0.0999999999999659,0.01999999999998181,-0.27000000000003865,-0.07999999999992724
2020-11-18 10:51:00,-0.07999999999992724,0.06999999999999318,-0.1299999999999386,-0.049999999999954525
2020-11-18 10:52:00,-0.049999999999954525,0.1400000000000432,-0.24500000000000455,-0.03999999999996362
2020-11-18 10:53:00,-0.03999999999996362,0.09500000000002728,-0.2699999999999818,-0.10500000000001819
2020-11-18 10:54:00,-0.10500000000001819,0.020000000000038654,-0.3199999999999932,-5.684341886080802e-14
2020-11-18 10:55:00,-0.06000000000005912,0.07999999999998408,-0.16999999999995907,-0.029999999999972715
2020-11-18 10:56:00,-0.029999999999972715,-0.009999999999990905,-0.25,-0.03000000000002956
2020-11-18 10:57:00,-0.03000000000002956,0.05499999999994998,-0.25000000000005684,-0.03999999999996362
2020-11-18 10:58:00,-0.03999999999996362,0.0,-0.23500000000001364,-0.12000000000000455
2020-11-18 10:59:00,-0.12000000000000455,-0.049999999999954525,-0.2400000000000091,-0.049999999999954525
2020-11-18 11:00:00,-0.049999999999954525,0.03500000000002501,-0.28000000000002956,-0.1500000000000341
2020-11-18 11:01:00,-0.1500000000000341,0.04499999999995907,-0.26499999999998636,-0.12999999999999545
2020-11-18 11:02:00,-0.12999999999999545,0.029999999999972715,-0.26499999999998636,-0.18999999999999773
2020-11-18 11:03:00,-0.18999999999999773,0.01999999999998181,-0.30000000000001137,-0.05000000000001137
2020-11-18 11:04:00,-0.05000000000001137,0.045000000000015916,-0.27000000000003865,-0.17000000000001592
2020-11-18 11:05:00,-0.17000000000001592,0.010000000000047748,-0.3299999999999841,-0.22999999999996135
2020-11-18 11:06:00,-0.22999999999996135,0.07000000000005002,-0.34499999999997044,-0.21500000000003183
2020-11-18 11:07:00,-0.21500000000003183,0.24500000000000455,-0.25,-0.06999999999993634
2020-11-18 11:08:00,-0.06999999999993634,0.17000000000007276,-0.4200000000000159,-0.1299999999999386
2020-11-18 11:09:00,-0.1299999999999386,0.024999999999977263,-0.30999999999994543,-0.05000000000006821
2020-11-18 11:10:00,-0.05000000000006821,0.1400000000000432,-0.28000000000002956,-0.1299999999999386
2020-11-18 11:11:00,-0.1299999999999386,-0.03999999999996362,-0.2799999999999727,-0.11000000000001364
2020-11-18 11:12:00,-0.11000000000001364,0.015000000000043201,-0.27000000000003865,-0.07000000000005002
2020-11-18 11:13:00,-0.07000000000005002,0.09000000000003183,-0.32499999999998863,-0.05000000000001137
2020-11-18 11:14:00,-0.05000000000001137,0.1400000000000432,-0.2300000000000182,-0.05999999999994543
2020-11-18 11:15:00,-0.05999999999994543,0.1400000000000432,-0.33499999999997954,-0.0999999999999659
2020-11-18 11:16:00,-0.04499999999995907,0.06500000000005457,-0.5799999999999841,-0.25
2020-11-18 11:17:00,-0.25,-0.060000000000002274,-0.42999999999995,-0.3550000000000182
2020-11-18 11:18:00,-0.3550000000000182,-0.09500000000002728,-0.6299999999999955,-0.2400000000000091
2020-11-18 11:19:00,-0.2400000000000091,0.01999999999998181,-0.2400000000000091,-0.10499999999996135
2020-11-18 11:20:00,-0.10499999999996135,0.024999999999977263,-0.19500000000005002,-0.12000000000000455
2020-11-18 11:21:00,-0.12000000000000455,-0.03500000000002501,-0.3100000000000023,-0.09000000000003183
2020-11-18 11:22:00,-0.09000000000003183,-0.049999999999954525,-0.16999999999995907,-0.1500000000000341
2020-11-18 11:23:00,-0.1500000000000341,-0.08500000000003638,-0.28000000000002956,-0.22000000000002728
2020-11-18 11:24:00,-0.22000000000002728,-0.060000000000002274,-0.28000000000002956,-0.28000000000002956
2020-11-18 11:25:00,-0.28000000000002956,0.0,-0.3100000000000591,-0.29000000000002046
2020-11-18 11:26:00,-0.29000000000002046,-0.1750000000000682,-0.36000000000001364,-0.30000000000001137
2020-11-18 11:27:00,-0.30000000000001137,-0.10000000000002274,-0.4300000000000068,-0.2300000000000182
2020-11-18 11:28:00,-0.2300000000000182,-0.10000000000002274,-0.2599999999999909,-0.19499999999999318
2020-11-18 11:29:00,-0.19499999999999318,-0.05000000000006821,-0.2599999999999909,-0.18999999999999773
2020-11-18 11:30:00,-0.18999999999999773,-0.01999999999998181,-0.20999999999997954,-0.01999999999998181
2020-11-18 11:31:00,-0.01999999999998181,0.04000000000007731,-0.26499999999998636,-0.20999999999997954
2020-11-18 11:32:00,-0.20999999999997954,0.029999999999972715,-0.4000000000000341,-0.18000000000000682
2020-11-18 11:33:00,-0.18000000000000682,-0.07000000000005002,-0.29000000000002046,-0.07000000000005002
2020-11-18 11:34:00,-0.07000000000005002,0.12999999999999545,-0.20500000000004093,-0.03000000000002956
2020-11-18 11:35:00,-0.03000000000002956,0.08999999999991815,-0.2400000000000091,-0.05000000000001137
2020-11-18 11:36:00,-0.05000000000001137,0.11000000000001364,-0.22000000000002728,0.014999999999986358
2020-11-18 11:37:00,0.009999999999990905,0.11000000000001364,-0.19500000000005002,0.03000000000002956
2020-11-18 11:38:00,0.03000000000002956,0.03000000000002956,-0.22500000000002274,-0.10000000000002274
2020-11-18 11:39:00,-0.10000000000002274,0.015000000000043201,-0.3199999999999932,-0.20999999999997954
2020-11-18 11:40:00,-0.20999999999997954,0.014999999999986358,-0.25499999999999545,-0.07000000000005002
2020-11-18 11:41:00,-0.07000000000005002,0.1500000000000341,-0.2999999999999545,-0.15499999999997272
2020-11-18 11:42:00,-0.15499999999997272,0.01999999999998181,-0.19000000000005457,-0.12000000000006139
2020-11-18 11:43:00,-0.12000000000006139,5.684341886080802e-14,-0.26499999999998636,-0.26499999999998636
2020-11-18 11:44:00,-0.19499999999999318,0.0049999999999954525,-0.20999999999997954,-0.16999999999995907
2020-11-18 11:45:00,-0.16999999999995907,-0.03000000000002956,-0.25,-0.1099999999999568
2020-11-18 11:46:00,-0.1099999999999568,-0.010000000000047748,-0.2799999999999727,-0.17999999999994998
2020-11-18 11:47:00,-0.17999999999994998,-0.06499999999994088,-0.3450000000000273,-0.21999999999997044
2020-11-18 11:48:00,-0.21999999999997044,0.060000000000002274,-0.5,-0.16999999999995907
2020-11-18 11:49:00,-0.16999999999995907,0.03499999999996817,-0.37999999999999545,-0.13999999999998636
2020-11-18 11:50:00,-0.13999999999998636,0.10500000000001819,-0.410000000000025,-0.08000000000004093
2020-11-18 11:51:00,-0.08000000000004093,0.05999999999994543,-0.43000000000006366,-0.045000000000015916
2020-11-18 11:52:00,,,,
2020-11-18 11:53:00,0.5149999999999864,0.6399999999999864,-0.4199999999999591,-0.22500000000002274
2020-11-18 11:54:00,-0.20999999999997954,-0.029999999999972715,-0.4200000000000159,-0.20999999999997954
2020-11-18 11:55:00,-0.22500000000002274,-0.060000000000002274,-0.4800000000000182,-0.28500000000008185
2020-11-18 11:56:00,-0.28500000000008185,-0.07999999999998408,-0.589999999999975,-0.2400000000000091
2020-11-18 11:57:00,-0.25499999999999545,-0.05500000000000682,-0.6200000000000045,-0.28000000000002956
2020-11-18 11:58:00,-0.28000000000002956,-0.125,-0.535000000000025,-0.4149999999999636
2020-11-18 11:59:00,-0.4449999999999932,-0.16999999999995907,-0.5149999999999864,-0.410000000000025
2020-11-18 12:00:00,-0.3849999999999909,0.05500000000000682,-0.5499999999999545,-0.08999999999997499
2020-11-18 12:01:00,-0.08999999999997499,0.4000000000000341,-0.5950000000000273,-0.18999999999999773
2020-11-18 12:02:00,-0.06499999999999773,0.3800000000000523,-0.23500000000001364,0.05500000000000682
2020-11-18 12:03:00,0.05500000000000682,0.339999999999975,-0.27000000000003865,0.14999999999997726
2020-11-18 12:04:00,0.15999999999996817,0.39999999999997726,-0.01999999999998181,0.17000000000001592
2020-11-18 12:05:00,0.17000000000001592,0.4350000000000591,-0.22000000000002728,0.020000000000038654
2020-11-18 12:06:00,0.020000000000038654,0.15499999999997272,-0.27000000000003865,-0.125
2020-11-18 12:07:00,-0.125,0.27000000000003865,-0.3199999999999932,-0.03000000000002956
2020-11-18 12:08:00,-0.03000000000002956,0.14500000000003865,-0.27000000000003865,0.08000000000004093
2020-11-18 12:09:00,0.08000000000004093,0.21000000000003638,-0.28000000000002956,-0.06999999999999318
2020-11-18 12:10:00,-0.06999999999999318,0.14500000000003865,-0.28000000000002956,-0.20500000000004093
2020-11-18 12:11:00,-0.15499999999997272,0.2599999999999909,-0.43000000000006366,-0.10000000000002274
2020-11-18 12:12:00,-0.10000000000002274,0.22500000000002274,-0.15999999999996817,0.029999999999972715
2020-11-18 12:13:00,0.029999999999972715,0.24999999999994316,-0.160000000000025,0.03000000000002956
2020-11-18 12:14:00,0.03000000000002956,0.40500000000002956,-0.22000000000002728,0.03499999999996817
2020-11-18 12:15:00,0.03499999999996817,0.34000000000003183,-0.2699999999999818,0.125
2020-11-18 12:16:00,0.125,0.375,-0.3550000000000182,0.17000000000001592
2020-11-18 12:17:00,0.17000000000001592,0.30000000000001137,-0.07000000000005002,0.19000000000005457
2020-11-18 12:18:00,0.21000000000003638,0.42000000000007276,-0.4600000000000364,0.2400000000000091
2020-11-18 12:19:00,0.16499999999996362,0.5,-0.3650000000000091,-0.029999999999972715
2020-11-18 12:20:00,-0.05499999999994998,0.5800000000000409,-0.27499999999997726,-0.11000000000001364
2020-11-18 12:21:00,-0.11000000000001364,0.21500000000003183,-0.36000000000001364,-0.08999999999997499
2020-11-18 12:22:00,-0.08999999999997499,0.44000000000005457,-0.4449999999999932,-0.13999999999998636
2020-11-18 12:23:00,-0.12999999999999545,0.10500000000001819,-0.4800000000000182,-0.11000000000001364
2020-11-18 12:24:00,-0.11000000000001364,0.31500000000005457,-0.3849999999999909,-0.16999999999995907
2020-11-18 12:25:00,-0.16999999999995907,0.3849999999999909,-0.42500000000001137,-0.1349999999999909
2020-11-18 12:26:00,-0.12999999999999545,0.22000000000002728,-0.3149999999999977,-0.1750000000000682
2020-11-18 12:27:00,-0.16500000000002046,0.10499999999996135,-0.41500000000002046,-0.15999999999996817
2020-11-18 12:28:00,-0.15999999999996817,0.19499999999999318,-0.44999999999998863,0.029999999999972715
2020-11-18 12:29:00,0.029999999999972715,0.37000000000000455,-0.2400000000000091,0.015000000000043201
2020-11-18 12:30:00,0.015000000000043201,0.18000000000006366,-0.2349999999999568,0.05500000000000682
2020-11-18 12:31:00,-0.03499999999996817,0.24500000000000455,-0.25,0.08000000000004093
2020-11-18 12:32:00,0.08000000000004093,0.2999999999999545,-0.19999999999998863,0.17500000000001137
2020-11-18 12:33:00,0.125,0.5200000000000387,-0.1349999999999909,0.060000000000002274
2020-11-18 12:34:00,0.060000000000002274,0.37000000000000455,-0.01999999999998181,0.15999999999996817
2020-11-18 12:35:00,0.15999999999996817,0.8199999999999932,-0.29000000000002046,-0.08000000000004093
2020-11-18 12:36:00,-0.08000000000004093,0.1650000000000773,-0.35000000000002274,-0.10000000000002274
2020-11-18 12:37:00,-0.125,0.13999999999998636,-0.25000000000005684,-0.010000000000047748
2020-11-18 12:38:00,-0.010000000000047748,0.1150000000000091,-0.18000000000000682,-0.11000000000001364
2020-11-18 12:39:00,-0.11000000000001364,0.06000000000005912,-0.2400000000000091,-0.160000000000025
2020-11-18 12:40:00,-0.160000000000025,0.05999999999994543,-0.37000000000000455,-0.22000000000002728
2020-11-18 12:41:00,-0.22000000000002728,0.06500000000005457,-0.37999999999999545,-0.040000000000020464
2020-11-18 12:42:00,-0.10500000000001819,0.34000000000003183,-0.19500000000005002,0.07999999999998408
2020-11-18 12:43:00,-0.020000000000038654,0.20500000000004093,-0.1999999999999318,-0.06000000000005912
2020-11-18 12:44:00,-0.06000000000005912,0.3450000000000273,-0.22000000000002728,0.060000000000002274
2020-11-18 12:45:00,0.03499999999996817,0.44000000000005457,-0.17999999999994998,-0.10499999999996135
2020-11-18 12:46:00,-0.10499999999996135,0.42000000000007276,-0.2249999999999659,-0.03999999999996362
2020-11-18 12:47:00,-0.03999999999996362,0.22000000000002728,-0.2400000000000091,0.1449999999999818
2020-11-18 12:48:00,0.13999999999998636,0.4700000000000273,-0.07999999999998408,0.20499999999992724
2020-11-18 12:49:00,0.15499999999997272,0.3499999999999659,0.05499999999994998,0.05500000000000682
2020-11-18 12:50:00,-0.35000000000002274,0.34499999999997044,-0.4549999999999841,0.10500000000001819
2020-11-18 12:51:00,0.10500000000001819,0.47500000000002274,0.005000000000052296,0.11000000000001364
2020-11-18 12:52:00,0.11000000000001364,0.5199999999999818,0.024999999999977263,0.1500000000000341
2020-11-18 12:53:00,0.15000000000009095,0.4800000000000182,-0.009999999999990905,0.06499999999994088
2020-11-18 12:54:00,0.06499999999994088,0.5099999999999341,-0.08000000000004093,0.2599999999999909
2020-11-18 12:55:00,0.2599999999999909,0.4200000000000159,0.0,0.36000000000001364
2020-11-18 12:56:00,0.36000000000001364,0.5499999999999545,0.06999999999999318,0.30000000000001137
2020-11-18 12:57:00,0.30000000000001137,0.5200000000000387,-0.09999999999990905,0.10500000000001819
2020-11-18 12:58:00,0.17499999999995453,0.3199999999999932,-0.06999999999999318,0.22000000000002728
2020-11-18 12:59:00,0.3000000000000682,0.41500000000002046,-0.049999999999954525,0.2699999999999818
2020-11-18 13:00:00,0.2699999999999818,0.38999999999998636,-0.29000000000002046,-0.11000000000001364
2020-11-18 13:01:00,-0.11000000000001364,0.18500000000000227,-0.27000000000003865,-0.27000000000003865
2020-11-18 13:02:00,-0.24500000000000455,0.2650000000000432,-0.40999999999996817,0.0049999999999954525
2020-11-18 13:03:00,0.0049999999999954525,0.040000000000020464,-0.32499999999998863,-0.05500000000000682
2020-11-18 13:04:00,0.015000000000043201,0.015000000000043201,-0.18000000000000682,-0.15999999999996817
2020-11-18 13:05:00,-0.15999999999996817,0.1449999999999818,-0.46500000000003183,-0.16999999999995907
2020-11-18 13:06:00,-0.16999999999995907,0.014999999999986358,-0.37000000000000455,-0.10000000000002274
2020-11-18 13:07:00,-0.10000000000002274,0.045000000000015916,-0.23999999999995225,-0.160000000000025
2020-11-18 13:08:00,-0.160000000000025,0.05999999999994543,-0.2599999999999909,-0.03000000000002956
2020-11-18 13:09:00,-0.03000000000002956,0.09500000000002728,-0.21999999999997044,-0.07999999999998408
2020-11-18 13:10:00,-0.07999999999998408,0.01999999999998181,-0.30999999999994543,-0.09000000000003183
2020-11-18 13:11:00,-0.09000000000003183,0.1449999999999818,-0.4300000000000068,-0.3949999999999818
2020-11-18 13:12:00,-0.37000000000000455,-0.010000000000047748,-0.3849999999999909,-0.214999999999975
2020-11-18 13:13:00,-0.214999999999975,0.06499999999994088,-0.3900000000000432,-0.30999999999994543
2020-11-18 13:14:00,-0.30999999999994543,0.0,-0.3849999999999909,-0.22999999999996135
2020-11-18 13:15:00,-0.25,0.2800000000000864,-0.2599999999999909,-0.1449999999999818
2020-11-18 13:16:00,-0.1449999999999818,0.15499999999997272,-0.2099999999999227,-0.08999999999997499
2020-11-18 13:17:00,-0.08999999999997499,0.17500000000001137,-0.46499999999991815,-0.020000000000038654
2020-11-18 13:18:00,0.0049999999999954525,0.24000000000006594,-0.16499999999996362,0.01999999999998181
2020-11-18 13:19:00,0.01999999999998181,0.25499999999999545,-0.2699999999999818,0.17000000000007276
2020-11-18 13:20:00,0.17000000000007276,0.30499999999995,-0.18000000000006366,0.0
2020-11-18 13:21:00,0.0,0.21000000000003638,-0.09000000000003183,0.08000000000004093
2020-11-18 13:22:00,0.07000000000005002,0.20499999999998408,-0.22000000000002728,-0.01999999999998181
2020-11-18 13:23:00,-0.01999999999998181,0.10000000000002274,-0.15499999999997272,-0.049999999999954525
2020-11-18 13:24:00,-0.049999999999954525,0.11000000000001364,-0.12000000000000455,-0.010000000000047748
2020-11-18 13:25:00,-0.010000000000047748,0.25,-0.10000000000002274,0.07999999999998408
2020-11-18 13:26:00,0.07999999999998408,0.24500000000000455,-0.04499999999995907,0.08000000000004093
2020-11-18 13:27:00,0.08000000000004093,0.3499999999999659,0.020000000000038654,0.21999999999997044
2020-11-18 13:28:00,0.21999999999997044,0.28500000000008185,0.005000000000052296,0.1299999999999386
2020-11-18 13:29:00,0.1299999999999386,0.32000000000005,0.04500000000007276,0.07000000000005002
2020-11-18 13:30:00,0.07000000000005002,0.35000000000002274,-0.004999999999938609,0.32000000000005
2020-11-18 13:31:00,0.32000000000005,0.32000000000005,-0.08000000000004093,-0.009999999999990905
2020-11-18 13:32:00,-0.009999999999990905,0.19000000000005457,-0.22000000000002728,-0.06999999999999318
2020-11-18 13:33:00,-0.06999999999999318,0.160000000000025,-0.43499999999994543,-0.2400000000000091
2020-11-18 13:34:00,-0.2400000000000091,1.69500000000005,-1.2900000000000205,-0.9300000000000068
2020-11-18 13:35:00,-0.9300000000000068,3.5149999999999864,-8.079999999999984,-0.014999999999986358
2020-11-18 13:36:00,-0.06499999999999773,0.7750000000000341,-0.6000000000000227,0.3650000000000091
2020-11-18 13:37:00,0.21500000000003183,0.43499999999994543,-0.8849999999999909,0.07000000000005002
2020-11-18 13:38:00,0.14999999999997726,0.6549999999999727,-0.6550000000000296,-0.21000000000003638
2020-11-18 13:39:00,-0.18000000000000682,0.875,-0.7249999999999659,-0.05000000000001137
2020-11-18 13:40:00,0.045000000000015916,0.5250000000000341,-0.8199999999999363,-0.46500000000003183
2020-11-18 13:41:00,-0.18999999999999773,0.06500000000005457,-0.5950000000000273,-0.19999999999998863
2020-11-18 13:42:00,-0.19999999999998863,0.39500000000003865,-0.6200000000000045,0.20499999999998408
2020-11-18 13:43:00,0.18000000000000682,0.6399999999999864,-0.8899999999999864,-0.3650000000000091
2020-11-18 13:44:00,-0.3650000000000091,0.5199999999999818,-0.5150000000000432,-0.009999999999990905
2020-11-18 13:45:00,-0.009999999999990905,0.7250000000000227,-0.3650000000000091,-0.0999999999999659
2020-11-18 13:46:00,0.05000000000006821,2.8150000000000546,-1.875,-0.025000000000034106
2020-11-18 13:47:00,-0.025000000000034106,0.6400000000000432,-0.5099999999999909,0.38999999999998636
2020-11-18 13:48:00,0.4900000000000091,0.5349999999999682,0.025000000000034106,0.06500000000005457
2020-11-18 13:49:00,0.3450000000000273,0.5249999999999773,-0.4900000000000091,-0.13999999999998636
2020-11-18 13:50:00,-0.1349999999999909,1.240000000000009,-1.3850000000000477,0.3599999999999568
2020-11-18 13:51:00,0.3599999999999568,0.6149999999999523,-0.2599999999999909,0.21500000000003183
2020-11-18 13:52:00,0.3050000000000068,0.6649999999999636,-0.26499999999998636,-0.03499999999996817
2020-11-18 13:53:00,-0.05500000000000682,0.5550000000000637,-0.4800000000000182,-0.17499999999995453
2020-11-18 13:54:00,-0.19499999999993634,0.3300000000000409,-0.44000000000005457,-0.2599999999999909
2020-11-18 13:55:00,,,,
2020-11-18 13:56:00,,,,
2020-11-18 13:57:00,1.794999999999959,2.044999999999959,-0.3100000000000023,0.029999999999972715
2020-11-18 13:58:00,0.029999999999972715,0.5400000000000205,-0.3050000000000068,0.22000000000002728
2020-11-18 13:59:00,0.22500000000002274,0.4849999999999568,-0.1500000000000341,0.15999999999996817
2020-11-18 14:00:00,0.15999999999996817,0.6650000000000205,-0.125,0.2899999999999636
2020-11-18 14:01:00,0.2899999999999636,0.5649999999999409,-0.57000000000005,0.10499999999996135
2020-11-18 14:02:00,0.12000000000000455,0.7149999999999181,-0.36000000000001364,0.17999999999994998
2020-11-18 14:03:00,0.17999999999994998,0.28499999999996817,-0.21000000000003638,0.12999999999999545
2020-11-18 14:04:00,0.12999999999999545,0.4049999999999727,-0.2750000000000341,0.3800000000000523
2020-11-18 14:05:00,0.28000000000002956,0.3000000000000682,-0.18000000000006366,0.0999999999999659
2020-11-18 14:06:00,0.10499999999996135,0.5949999999999704,-0.20000000000004547,0.10000000000002274
2020-11-18 14:07:00,0.10500000000001819,0.5799999999999841,-0.1150000000000091,0.08999999999997499
2020-11-18 14:08:00,0.08999999999997499,0.5100000000000477,-0.1150000000000091,0.15999999999996817
2020-11-18 14:09:00,0.15999999999996817,0.375,-0.09000000000003183,0.009999999999990905
2020-11-18 14:10:00,0.009999999999990905,0.4249999999999545,-0.09500000000002728,0.16999999999995907
2020-11-18 14:11:00,0.16999999999995907,0.5049999999999955,0.0,0.15999999999996817
2020-11-18 14:12:00,0.15999999999996817,0.3900000000000432,-0.2400000000000091,0.08000000000004093
2020-11-18 14:13:00,0.08000000000004093,0.339999999999975,-0.1300000000000523,0.1299999999999386
2020-11-18 14:14:00,0.1299999999999386,0.4350000000000591,-0.19000000000005457,0.28000000000002956
2020-11-18 14:15:00,0.28000000000002956,0.5,-0.11000000000001364,0.21000000000003638
2020-11-18 14:16:00,0.32000000000005,0.4800000000000182,-0.20500000000004093,0.3650000000000091
2020-11-18 14:17:00,0.3650000000000091,0.57000000000005,-0.09000000000003183,0.339999999999975
2020-11-18 14:18:00,0.1099999999999568,0.40500000000002956,-0.020000000000038654,0.07499999999998863
2020-11-18 14:19:00,0.07499999999998863,0.3900000000000432,-0.03500000000002501,0.17999999999994998
2020-11-18 14:20:00,0.17999999999994998,0.3949999999999818,-0.12000000000000455,0.10500000000001819
2020-11-18 14:21:00,0.10500000000001819,0.4500000000000455,-0.05000000000006821,0.21000000000003638
2020-11-18 14:22:00,0.21000000000003638,0.39999999999997726,-0.17500000000001137,0.07999999999998408
2020-11-18 14:23:00,0.07999999999998408,0.3100000000000591,-0.19999999999998863,0.19999999999998863
2020-11-18 14:24:00,0.19999999999998863,0.4049999999999727,-0.125,0.20999999999997954
2020-11-18 14:25:00,0.2699999999999818,0.33499999999997954,-0.04000000000007731,0.03499999999996817
2020-11-18 14:26:00,0.2400000000000091,0.42500000000001137,-0.07000000000005002,0.1099999999999568
2020-11-18 14:27:00,0.08499999999997954,0.34499999999997044,-0.1750000000000682,-0.020000000000038654
2020-11-18 14:28:00,-0.020000000000038654,0.26000000000004775,-0.24500000000000455,-0.014999999999986358
2020-11-18 14:29:00,-0.014999999999986358,0.3249999999999318,-0.18999999999999773,-0.029999999999972715
2020-11-18 14:30:00,-0.029999999999972715,0.3199999999999932,-0.3900000000000432,-0.06000000000005912
2020-11-18 14:31:00,-0.06000000000005912,0.2599999999999909,-0.3450000000000273,0.0049999999999954525
2020-11-18 14:32:00,0.029999999999972715,0.6000000000000227,-0.12999999999999545,0.10000000000002274
2020-11-18 14:33:00,0.10000000000002274,0.5699999999999363,0.09000000000003183,0.5599999999999454
2020-11-18 14:34:00,0.5599999999999454,0.5699999999999932,-0.020000000000038654,0.3450000000000273
2020-11-18 14:35:00,0.3199999999999932,0.47500000000002274,-0.009999999999990905,0.14999999999997726
2020-11-18 14:36:00,0.14999999999997726,0.36000000000001364,-0.04500000000007276,0.07999999999998408
2020-11-18 14:37:00,0.07999999999998408,0.464999999999975,-0.05500000000000682,0.15999999999996817
2020-11-18 14:38:00,0.15999999999996817,0.5550000000000068,0.009999999999990905,0.25
2020-11-18 14:39:00,0.25,0.37999999999999545,-0.01999999999998181,0.13999999999998636
2020-11-18 14:40:00,0.13999999999998636,0.5099999999999341,-0.07000000000005002,0.07999999999992724
2020-11-18 14:41:00,0.07999999999992724,0.3849999999999909,-0.05000000000006821,0.25
2020-11-18 14:42:00,0.25,0.44000000000005457,-0.024999999999977263,0.29000000000002046
2020-11-18 14:43:00,0.29000000000002046,0.46999999999997044,-0.07500000000004547,0.05999999999994543
2020-11-18 14:44:00,0.05999999999994543,0.33499999999997954,-0.08999999999997499,0.1099999999999568
2020-11-18 14:45:00,0.1099999999999568,0.31500000000005457,-0.060000000000002274,0.14999999999997726
2020-11-18 14:46:00,0.14999999999997726,0.2999999999999545,0.0,0.029999999999972715
2020-11-18 14:47:00,0.029999999999972715,0.2650000000000432,-0.11000000000001364,0.05999999999994543
2020-11-18 14:48:00,0.05999999999994543,0.4200000000000159,-0.060000000000002274,0.13999999999998636
2020-11-18 14:49:00,0.13999999999998636,0.5499999999999545,-0.12999999999999545,0.15999999999996817
2020-11-18 14:50:00,0.15999999999996817,0.4350000000000023,-0.20000000000004547,0.05000000000006821
2020-11-18 14:51:00,0.05000000000006821,0.29500000000007276,-0.22000000000002728,-0.010000000000047748
2020-11-18 14:52:00,-0.010000000000047748,0.32000000000005,-0.1650000000000773,0.029999999999972715
2020-11-18 14:53:00,0.029999999999972715,0.42999999999995,-0.15999999999996817,0.04000000000007731
2020-11-18 14:54:00,0.04000000000007731,0.27000000000003865,-0.11000000000001364,0.009999999999990905
2020-11-18 14:55:00,0.009999999999990905,0.2699999999999818,-0.14999999999997726,0.12999999999999545
2020-11-18 14:56:00,0.12999999999999545,0.36499999999995225,-0.06000000000005912,0.09000000000003183
2020-11-18 14:57:00,0.09000000000003183,0.2950000000000159,-0.0999999999999659,0.05999999999994543
2020-11-18 14:58:00,0.05999999999994543,0.4599999999999227,-0.2699999999999818,-0.11000000000001364
2020-11-18 14:59:00,-0.11000000000001364,0.18999999999999773,-0.26000000000004775,-0.08999999999997499
2020-11-18 15:00:00,-0.08999999999997499,0.3849999999999909,-0.08999999999997499,-0.03999999999996362
2020-11-18 15:01:00,,,,
2020-11-18 15:02:00,-1.1449999999999818,0.3599999999999568,-1.1449999999999818,0.0
2020-11-18 15:03:00,0.0,0.2899999999999636,-0.0999999999999659,0.04499999999995907
2020-11-18 15:04:00,0.03999999999996362,0.2400000000000091,-0.1099999999999568,-0.08999999999997499
2020-11-18 15:05:00,-0.08999999999997499,0.2599999999999909,-0.12999999999999545,0.06999999999993634
2020-11-18 15:06:00,0.06999999999993634,0.21999999999997044,-0.12000000000006139,-0.01999999999998181
2020-11-18 15:07:00,-0.01999999999998181,0.25499999999999545,-0.12999999999999545,0.06999999999999318
2020-11-18 15:08:00,0.06999999999999318,0.18500000000000227,-0.1400000000000432,0.15999999999996817
2020-11-18 15:09:00,0.11000000000001364,0.160000000000025,-0.21499999999991815,-0.05000000000001137
2020-11-18 15:10:00,-0.05000000000001137,0.5100000000000477,-0.3249999999999318,0.2699999999999818
2020-11-18 15:11:00,0.2699999999999818,0.27499999999997726,-0.40999999999996817,-0.15999999999996817
2020-11-18 15:12:00,-0.15999999999996817,0.10000000000002274,-0.7049999999999272,-0.2599999999999909
2020-11-18 15:13:00,-0.2599999999999909,0.040000000000020464,-0.4849999999999568,-0.12000000000000455
2020-11-18 15:14:00,-0.12000000000000455,0.17000000000001592,-0.7200000000000273,-0.14999999999997726
2020-11-18 15:15:00,-0.14999999999997726,0.07000000000005002,-0.4049999999999727,-0.1150000000000091
2020-11-18 15:16:00,,,,
2020-11-18 15:17:00,-0.125,0.09500000000002728,-0.125,-0.060000000000002274
2020-11-18 15:18:00,-0.060000000000002274,0.20500000000004093,-0.1349999999999909,0.07999999999998408
2020-11-18 15:19:00,0.07999999999998408,0.16999999999995907,-0.17000000000001592,0.1349999999999909
2020-11-18 15:20:00,0.1349999999999909,0.3499999999999659,-0.11000000000001364,0.05999999999994543
2020-11-18 15:21:00,0.05999999999994543,0.28499999999996817,-0.1500000000000341,-0.1449999999999818
2020-11-18 15:22:00,-0.14999999999997726,0.2899999999999636,-0.14999999999997726,0.0049999999999954525
2020-11-18 15:23:00,0.0049999999999954525,0.39999999999997726,-0.21000000000003638,0.04000000000007731
2020-11-18 15:24:00,0.020000000000038654,0.339999999999975,-0.19000000000005457,-0.029999999999972715
2020-11-18 15:25:00,-0.029999999999972715,0.17999999999994998,-0.18999999999999773,-0.06499999999994088
2020-11-18 15:26:00,-0.06499999999994088,0.22999999999996135,-0.2599999999999909,0.029999999999972715
2020-11-18 15:27:00,0.029999999999972715,0.41500000000002046,-0.34000000000003183,-0.009999999999990905
2020-11-18 15:28:00,-0.3499999999999659,0.7599999999999909,-0.3499999999999659,-0.1099999999999568
2020-11-18 15:29:00,-0.18999999999994088,0.14999999999997726,-0.18999999999994088,-0.060000000000002274
2020-11-18 15:30:00,-0.060000000000002274,0.17999999999994998,-0.5750000000000455,-0.1750000000000682
2020-11-18 15:31:00,-0.18000000000006366,0.14999999999997726,-0.41500000000002046,-0.04000000000007731
2020-11-18 15:32:00,-0.04000000000007731,-0.03999999999996362,-0.589999999999975,-0.28000000000002956
2020-11-18 15:33:00,-0.28000000000002956,-0.07999999999992724,-0.6100000000000136,-0.19499999999999318
2020-11-18 15:34:00,-0.19499999999999318,-0.1300000000000523,-0.49500000000000455,-0.37000000000000455
2020-11-18 15:35:00,-0.37000000000000455,-0.09000000000003183,-0.47999999999996135,-0.1300000000000523
2020-11-18 15:36:00,-0.13500000000004775,0.06999999999993634,-0.46999999999997044,-0.15500000000002956
2020-11-18 15:37:00,-0.1400000000000432,0.0049999999999954525,-0.5600000000000591,-0.3650000000000091
2020-11-18 15:38:00,-0.38999999999998636,-0.05000000000001137,-0.5099999999999909,-0.12000000000006139
2020-11-18 15:39:00,-0.21999999999997044,-0.03999999999996362,-0.39999999999997726,-0.18999999999999773
2020-11-18 15:40:00,-0.18999999999999773,-0.11000000000001364,-0.44999999999998863,-0.36000000000001364
2020-11-18 15:41:00,-0.36000000000001364,-0.11000000000001364,-0.46500000000003183,-0.22999999999996135
2020-11-18 15:42:00,-0.22999999999996135,-0.05999999999994543,-0.39999999999997726,-0.21000000000003638
2020-11-18 15:43:00,-0.21000000000003638,-0.06499999999994088,-0.5900000000000318,-0.2599999999999909
2020-11-18 15:44:00,-0.2599999999999909,-0.045000000000015916,-0.43499999999994543,-0.2400000000000091
2020-11-18 15:45:00,-0.2400000000000091,-0.0049999999999954525,-0.45499999999992724,-0.3300000000000409
2020-11-18 15:46:00,-0.3300000000000409,-0.1500000000000341,-0.5200000000000387,-0.30000000000001137
2020-11-18 15:47:00,-0.30000000000001137,-0.03499999999996817,-0.44000000000005457,-0.22999999999996135
2020-11-18 15:48:00,-0.22999999999996135,0.020000000000038654,-0.410000000000025,-0.18999999999994088
2020-11-18 15:49:00,-0.16999999999995907,0.03999999999996362,-0.5299999999999727,-0.18999999999994088
2020-11-18 15:50:00,-0.18999999999994088,0.06999999999993634,-0.37999999999999545,-0.19500000000005002
2020-11-18 15:51:00,-0.19500000000005002,0.08499999999992269,-0.3300000000000409,-0.12999999999999545
2020-11-18 15:52:00,-0.12999999999999545,-0.07999999999998408,-0.3949999999999818,-0.37999999999999545
2020-11-18 15:53:00,-0.37999999999999545,0.08999999999997499,-0.44500000000005,-0.18999999999999773
2020-11-18 15:54:00,-0.18999999999999773,0.025000000000034106,-0.4500000000000455,-0.25
2020-11-18 15:55:00,-0.25,0.06999999999999318,-0.31999999999993634,-0.31999999999993634
2020-11-18 15:56:00,0.22000000000002728,0.2750000000000341,-0.21000000000003638,-0.01999999999998181
2020-11-18 15:57:00,-0.01999999999998181,0.020000000000038654,-0.4000000000000341,-0.1500000000000341
2020-11-18 15:58:00,-0.1500000000000341,0.18000000000006366,-0.49500000000000455,-0.15999999999996817
2020-11-18 15:59:00,-0.15999999999996817,0.3050000000000068,-0.33499999999997954,0.05000000000001137
2020-11-18 16:00:00,0.05000000000001137,0.14500000000003865,-0.3550000000000182,-0.009999999999990905
2020-11-18 16:01:00,-0.009999999999990905,0.19499999999999318,-0.44000000000005457,-0.21000000000003638
2020-11-18 16:02:00,-0.21000000000003638,0.16000000000008185,-0.32499999999998863,-0.20999999999997954
2020-11-18 16:03:00,-0.20999999999997954,0.16999999999995907,-0.38999999999998636,-0.30000000000001137
2020-11-18 16:04:00,,,,
2020-11-18 16:05:00,-0.7300000000000182,0.13999999999998636,-0.7300000000000182,0.01999999999998181
2020-11-18 16:06:00,0.01999999999998181,0.07499999999993179,-0.3199999999999932,-0.11000000000001364
2020-11-18 16:07:00,-0.11000000000001364,0.029999999999972715,-0.42500000000001137,-0.2300000000000182
2020-11-18 16:08:00,-0.2300000000000182,0.05000000000001137,-0.5099999999999909,-0.20499999999992724
2020-11-18 16:09:00,-0.1999999999999318,0.1349999999999909,-0.48500000000001364,-0.2300000000000182
2020-11-18 16:10:00,-0.2300000000000182,-0.0049999999999954525,-0.5400000000000205,-0.30499999999995
2020-11-18 16:11:00,-0.28499999999996817,-0.014999999999986358,-0.42999999999995,-0.12000000000000455
2020-11-18 16:12:00,-0.12000000000000455,0.2799999999999727,-0.4550000000000409,-0.08000000000004093
2020-11-18 16:13:00,-0.08000000000004093,0.07999999999992724,-0.5649999999999409,-0.31999999999993634
2020-11-18 16:14:00,-0.31999999999993634,-0.01999999999998181,-0.5349999999999682,-0.17999999999994998
2020-11-18 16:15:00,-0.22500000000002274,0.060000000000002274,-0.44500000000005,-0.22999999999996135
2020-11-18 16:16:00,-0.22999999999996135,-0.03499999999996817,-0.7349999999999568,-0.21500000000003183
2020-11-18 16:17:00,-0.16999999999995907,-0.024999999999977263,-0.4199999999999591,-0.17000000000001592
2020-11-18 16:18:00,-0.17000000000001592,0.060000000000002274,-0.5100000000000477,-0.28000000000002956
2020-11-18 16:19:00,-0.28000000000002956,0.009999999999990905,-0.7149999999999181,-0.30999999999994543
2020-11-18 16:20:00,-0.30999999999994543,0.07999999999992724,-0.44999999999998863,-0.3300000000000409
2020-11-18 16:21:00,-0.3300000000000409,-0.07999999999998408,-0.4399999999999977,-0.3599999999999568
2020-11-18 16:22:00,-0.3599999999999568,-0.045000000000015916,-0.6299999999999955,-0.6299999999999955
2020-11-18 16:23:00,-0.6299999999999955,-0.16999999999995907,-0.6400000000000432,-0.4300000000000068
2020-11-18 16:24:00,-0.4300000000000068,-0.025000000000034106,-0.5399999999999636,-0.30500000000006366
2020-11-18 16:25:00,-0.30500000000006366,0.009999999999934062,-0.4200000000000159,-0.29000000000002046
2020-11-18 16:26:00,-0.29000000000002046,-0.1400000000000432,-0.4700000000000273,-0.28000000000002956
2020-11-18 16:27:00,-0.28000000000002956,-0.12000000000000455,-0.4700000000000273,-0.22999999999996135
2020-11-18 16:28:00,-0.22999999999996135,-0.05999999999994543,-0.410000000000025,-0.36000000000001364
2020-11-18 16:29:00,-0.36000000000001364,-0.17999999999994998,-0.5300000000000864,-0.2799999999999727
2020-11-18 16:30:00,-0.2799999999999727,-0.2300000000000182,-0.5099999999999909,-0.3299999999999841
2020-11-18 16:31:00,-0.3299999999999841,-0.15999999999996817,-0.5399999999999636,-0.37000000000000455
2020-11-18 16:32:00,-0.37000000000000455,-0.18500000000000227,-0.5400000000000205,-0.3699999999999477
2020-11-18 16:33:00,-0.3699999999999477,-0.15999999999996817,-0.4300000000000068,-0.4300000000000068
2020-11-18 16:34:00,-0.4300000000000068,-0.1349999999999909,-0.5649999999999977,-0.37000000000000455
2020-11-18 16:35:00,-0.37000000000000455,-0.12000000000000455,-0.4399999999999409,-0.3499999999999659
2020-11-18 16:36:00,-0.3499999999999659,-0.04499999999995907,-0.5000000000000568,-0.2300000000000182
2020-11-18 16:37:00,-0.2300000000000182,-0.09000000000003183,-0.4049999999999727,-0.18000000000006366
2020-11-18 16:38:00,-0.18000000000006366,-0.08000000000004093,-0.5299999999999727,-0.30499999999995
2020-11-18 16:39:00,-0.30499999999995,-0.060000000000002274,-0.49500000000000455,-0.3700000000000614
2020-11-18 16:40:00,-0.3700000000000614,-0.17000000000007276,-0.5800000000000409,-0.2799999999999727
2020-11-18 16:41:00,-0.2799999999999727,-0.08999999999997499,-0.5150000000000432,-0.32000000000005
2020-11-18 16:42:00,-0.32000000000005,-0.09000000000003183,-0.4700000000000273,-0.214999999999975
2020-11-18 16:43:00,-0.214999999999975,-0.014999999999986358,-0.7350000000000136,-0.25499999999999545
2020-11-18 16:44:00,-0.25499999999999545,-0.05000000000001137,-0.6100000000000136,-0.37000000000000455
2020-11-18 16:45:00,-0.37000000000000455,-0.13499999999993406,-0.47500000000002274,-0.19999999999998863
2020-11-18 16:46:00,-0.19999999999998863,-0.020000000000038654,-0.5149999999999864,-0.3250000000000455
2020-11-18 16:47:00,-0.3250000000000455,-0.19500000000005002,-0.5349999999999682,-0.42999999999995
2020-11-18 16:48:00,-0.42999999999995,-0.17500000000001137,-0.5099999999999909,-0.339999999999975
2020-11-18 16:49:00,-0.339999999999975,-0.2099999999999227,-0.5950000000000273,-0.3900000000000432
2020-11-18 16:50:00,-0.3900000000000432,-0.19000000000005457,-0.49000000000006594,-0.3900000000000432
2020-11-18 16:51:00,-0.3900000000000432,-0.16500000000002046,-0.5649999999999409,-0.4900000000000091
2020-11-18 16:52:00,-0.4900000000000091,-0.125,-0.7200000000000273,-0.3900000000000432
2020-11-18 16:53:00,-0.3900000000000432,-0.2300000000000182,-0.6200000000000045,-0.3599999999999568
2020-11-18 16:54:00,-0.3599999999999568,-0.22500000000002274,-0.45999999999997954,-0.30000000000001137
2020-11-18 16:55:00,-0.30000000000001137,-0.21000000000003638,-0.5799999999999841,-0.32000000000005
2020-11-18 16:56:00,-0.28000000000002956,0.0,-0.5149999999999864,-0.2449999999999477
2020-11-18 16:57:00,-0.34499999999997044,-0.03499999999996817,-0.46499999999991815,-0.049999999999954525
2020-11-18 16:58:00,-0.049999999999954525,-0.049999999999954525,-0.6000000000000227,-0.2549999999999386
2020-11-18 16:59:00,-0.2799999999999727,-0.11000000000001364,-0.4199999999999591,-0.32999999999992724
2020-11-18 17:00:00,-0.32999999999992724,-0.05999999999994543,-0.464999999999975,-0.25
2020-11-18 17:01:00,-0.25,-0.08000000000004093,-0.4049999999999727,-0.2249999999999659
2020-11-18 17:02:00,-0.2249999999999659,-0.17999999999994998,-0.6100000000000136,-0.3900000000000432
2020-11-18 17:03:00,-0.3900000000000432,-0.10000000000002274,-0.5200000000000387,-0.3000000000000682
2020-11-18 17:04:00,-0.3000000000000682,-0.08000000000004093,-0.48500000000001364,-0.19999999999998863
2020-11-18 17:05:00,-0.19999999999998863,-0.08000000000004093,-0.47500000000002274,-0.36000000000001364
2020-11-18 17:06:00,-0.36000000000001364,-0.11000000000001364,-0.5,-0.38999999999998636
2020-11-18 17:07:00,-0.38999999999998636,-0.18999999999994088,-0.5199999999999818,-0.28000000000002956
2020-11-18 17:08:00,-0.28000000000002956,-0.21999999999997044,-0.5550000000000068,-0.3149999999999977
2020-11-18 17:09:00,-0.3149999999999977,0.08999999999991815,-1.32000000000005,-0.6599999999999682
2020-11-18 17:10:00,-0.6599999999999682,-0.06999999999999318,-0.9700000000000273,-0.4700000000000273
2020-11-18 17:11:00,-0.36000000000001364,-0.11000000000001364,-0.8550000000000182,-0.47999999999996135
2020-11-18 17:12:00,-0.47999999999996135,-0.19000000000005457,-0.6700000000000159,-0.4700000000000273
2020-11-18 17:13:00,-0.4700000000000273,-0.17000000000007276,-0.7300000000000182,-0.5900000000000318
2020-11-18 17:14:00,-0.5900000000000318,-0.2099999999999227,-0.7250000000000227,-0.3900000000000432
2020-11-18 17:15:00,-0.3900000000000432,-0.1449999999999818,-0.6800000000000068,-0.5199999999999818
2020-11-18 17:16:00,-0.5199999999999818,-0.18999999999994088,-0.6150000000000091,-0.46999999999997044
2020-11-18 17:17:00,-0.46999999999997044,-0.2400000000000091,-0.5949999999999704,-0.42999999999995
2020-11-18 17:18:00,-0.42999999999995,-0.20999999999997954,-0.6500000000000341,-0.38999999999998636
2020-11-18 17:19:00,-0.38999999999998636,-0.25,-0.5399999999999636,-0.42999999999995
2020-11-18 17:20:00,-0.42999999999995,-0.18500000000000227,-0.6000000000000227,-0.410000000000025
2020-11-18 17:21:00,-0.410000000000025,-0.16499999999996362,-0.5550000000000637,-0.49999999999994316
2020-11-18 17:22:00,-0.49999999999994316,-0.13500000000004775,-0.57000000000005,-0.38500000000004775
2020-11-18 17:23:00,-0.410000000000025,-0.13999999999998636,-0.6750000000000682,-0.32999999999992724
2020-11-18 17:24:00,-0.32999999999992724,-0.1299999999999386,-0.5049999999999955,-0.44999999999998863
2020-11-18 17:25:00,-0.44999999999998863,-0.12999999999999545,-0.57000000000005,-0.36000000000001364
2020-11-18 17:26:00,-0.36000000000001364,-0.18000000000006366,-0.57000000000005,-0.339999999999975
2020-11-18 17:27:00,-0.339999999999975,-0.19999999999998863,-0.5399999999999636,-0.42999999999995
2020-11-18 17:28:00,-0.42999999999995,-0.12999999999999545,-0.5399999999999636,-0.2949999999999591
2020-11-18 17:29:00,1.8799999999999955,1.8799999999999955,-0.7200000000000273,-0.3849999999999909
2020-11-18 17:30:00,-0.3849999999999909,-0.07499999999993179,-0.5599999999999454,-0.3499999999999659
2020-11-18 17:31:00,-0.3499999999999659,-0.03500000000002501,-0.6299999999999955,-0.3849999999999909
2020-11-18 17:32:00,-0.3599999999999568,-0.11000000000001364,-0.5400000000000205,-0.2300000000000182
2020-11-18 17:33:00,-0.2300000000000182,-0.03000000000002956,-0.5900000000000318,-0.3499999999999659
2020-11-18 17:34:00,-0.3499999999999659,-0.05000000000006821,-0.6050000000000182,-0.410000000000025
2020-11-18 17:35:00,-0.410000000000025,-0.1099999999999568,-0.47500000000002274,-0.29000000000002046
2020-11-18 17:36:00,-0.29000000000002046,-0.07999999999998408,-0.5199999999999818,-0.27000000000003865
2020-11-18 17:37:00,-0.27000000000003865,0.045000000000015916,-0.6249999999999432,-0.2799999999999727
2020-11-18 17:38:00,-0.3300000000000409,0.3849999999999909,-0.5599999999999454,-0.27000000000003865
2020-11-18 17:39:00,-0.6349999999999909,0.5149999999999864,-0.660000000000025,-0.025000000000034106
2020-11-18 17:40:00,-0.46500000000003183,-0.07499999999993179,-0.55499999999995,-0.5500000000000114
2020-11-18 17:41:00,-0.5500000000000114,-0.03999999999996362,-0.5600000000000023,-0.36000000000001364
2020-11-18 17:42:00,-0.36000000000001364,-0.1300000000000523,-0.6100000000000136,-0.4300000000000068
2020-11-18 17:43:00,-0.4300000000000068,-0.19999999999998863,-0.6000000000000227,-0.37000000000000455
2020-11-18 17:44:00,-0.37000000000000455,-0.1300000000000523,-0.5299999999999727,-0.3599999999999568
2020-11-18 17:45:00,-0.3599999999999568,-0.09500000000002728,-0.5950000000000273,-0.5400000000000205
2020-11-18 17:46:00,-0.5400000000000205,-0.1500000000000341,-0.6100000000000136,-0.375
2020-11-18 17:47:00,-0.375,-0.13999999999998636,-0.6449999999999818,-0.37999999999999545
2020-11-18 17:48:00,-0.37999999999999545,-0.15999999999996817,-0.6100000000000136,-0.44999999999998863
2020-11-18 17:49:00,-0.44999999999998863,-0.214999999999975,-0.6200000000000614,-0.47999999999996135
2020-11-18 17:50:00,-0.47999999999996135,-0.22000000000002728,-0.6050000000000182,-0.49000000000006594
2020-11-18 17:51:00,-0.49000000000006594,-0.12999999999999545,-0.6299999999999955,-0.5049999999999955
2020-11-18 17:52:00,-0.5049999999999955,-0.2699999999999818,-0.5849999999999795,-0.3599999999999568
2020-11-18 17:53:00,-0.3599999999999568,-0.18999999999994088,-0.6200000000000614,-0.46999999999997044
2020-11-18 17:54:00,-0.46999999999997044,-0.18999999999999773,-0.6099999999999568,-0.40999999999996817
2020-11-18 17:55:00,-0.40999999999996817,-0.13999999999998636,-0.7049999999999841,-0.27000000000003865
2020-11-18 17:56:00,-0.2400000000000091,-0.13999999999998636,-0.6050000000000182,-0.3199999999999932
2020-11-18 17:57:00,-0.3199999999999932,-0.08999999999997499,-0.5449999999999591,-0.4500000000000455
2020-11-18 17:58:00,-0.4600000000000364,-0.12999999999999545,-0.6499999999999773,-0.3450000000000273
2020-11-18 17:59:00,-0.3450000000000273,-0.21000000000003638,-0.48500000000001364,-0.3300000000000409
2020-11-18 18:00:00,-0.3300000000000409,-0.09499999999997044,-0.5300000000000864,-0.35000000000002274
2020-11-18 18:01:00,-0.35000000000002274,-0.07500000000004547,-0.5099999999999341,-0.35499999999996135
2020-11-18 18:02:00,-0.35499999999996135,-0.07999999999998408,-0.6050000000000182,-0.47500000000002274
2020-11-18 18:03:00,-0.4500000000000455,0.05499999999994998,-0.45499999999992724,-0.30000000000001137
2020-11-18 18:04:00,-0.9400000000000546,-0.08000000000004093,-0.9400000000000546,-0.25
2020-11-18 18:05:00,-0.25,-0.14999999999997726,-0.4700000000000273,-0.28499999999996817
2020-11-18 18:06:00,-0.28499999999996817,-0.18999999999999773,-0.4500000000000455,-0.25
2020-11-18 18:07:00,-0.25,-0.1099999999999568,-0.5499999999999545,-0.47999999999996135
2020-11-18 18:08:00,-0.47999999999996135,-0.0999999999999659,-0.5650000000000546,-0.30000000000001137
2020-11-18 18:09:00,-0.30000000000001137,-0.1349999999999909,-0.47500000000002274,-0.3100000000000591
2020-11-18 18:10:00,-0.3100000000000591,-0.12000000000000455,-0.46999999999997044,-0.36499999999995225
2020-11-18 18:11:00,-0.36499999999995225,-0.010000000000047748,-0.4399999999999977,-0.4399999999999977
2020-11-18 18:12:00,-0.4399999999999977,-0.2300000000000182,-0.5300000000000296,-0.4849999999999568
2020-11-18 18:13:00,-0.4849999999999568,-0.17999999999994998,-0.5900000000000318,-0.3499999999999659
2020-11-18 18:14:00,-0.3499999999999659,-0.1099999999999568,-0.6100000000000136,-0.4399999999999409
2020-11-18 18:15:00,-0.4049999999999727,-0.10500000000001819,-0.5150000000000432,-0.2699999999999818
2020-11-18 18:16:00,-0.2699999999999818,-0.1400000000000432,-0.5450000000000159,-0.36000000000001364
2020-11-18 18:17:00,-0.36000000000001364,-0.27500000000009095,-0.6150000000000091,-0.5300000000000296
2020-11-18 18:18:00,-0.5300000000000296,-0.07500000000004547,-0.5300000000000296,-0.44000000000005457
2020-11-18 18:19:00,-0.44000000000005457,-0.2599999999999909,-0.6850000000000591,-0.33499999999997954
2020-11-18 18:20:00,-0.39999999999997726,-0.22000000000002728,-0.5199999999999818,-0.5199999999999818
2020-11-18 18:21:00,-0.5199999999999818,-0.17000000000007276,-0.6000000000000227,-0.42999999999995
2020-11-18 18:22:00,-0.42999999999995,-0.22000000000002728,-0.5200000000000387,-0.37999999999999545
2020-11-18 18:23:00,-0.37999999999999545,-0.18500000000000227,-0.6050000000000182,-0.5500000000000682
2020-11-18 18:24:00,-0.5500000000000682,-0.2300000000000182,-0.57000000000005,-0.5099999999999909
2020-11-18 18:25:00,-0.5099999999999909,-0.37000000000000455,-0.6200000000000045,-0.5
2020-11-18 18:26:00,-0.5,-0.13500000000004775,-0.7650000000000432,-0.4800000000000182
2020-11-18 18:27:00,-0.4600000000000364,-0.17000000000007276,-0.6999999999999886,-0.44999999999998863
2020-11-18 18:28:00,-0.44999999999998863,-0.35000000000002274,-0.7900000000000205,-0.35000000000002274
2020-11-18 18:29:00,-0.35000000000002274,-0.13999999999998636,-0.6499999999999773,-0.3650000000000091
2020-11-18 18:30:00,-0.3650000000000091,-0.160000000000025,-0.7100000000000364,-0.3900000000000432
2020-11-18 18:31:00,-0.3900000000000432,-0.21500000000003183,-0.6200000000000045,-0.5299999999999727
2020-11-18 18:32:00,-0.5299999999999727,-0.18999999999999773,-0.8649999999999523,-0.22000000000002728
2020-11-18 18:33:00,-0.22500000000002274,-0.17000000000001592,-0.6700000000000159,-0.5600000000000023
2020-11-18 18:34:00,-0.5600000000000023,-0.125,-0.6999999999999318,-0.44999999999998863
2020-11-18 18:35:00,-0.44999999999998863,-0.21000000000003638,-0.6349999999999909,-0.5400000000000205
2020-11-18 18:36:00,-0.5400000000000205,-0.1400000000000432,-0.57000000000005,-0.29000000000002046
2020-11-18 18:37:00,-0.29000000000002046,-0.12999999999999545,-0.5400000000000773,-0.5150000000000432
2020-11-18 18:38:00,-0.5600000000000023,-0.19999999999998863,-0.6099999999999568,-0.339999999999975
2020-11-18 18:39:00,-0.339999999999975,-0.13999999999998636,-0.44000000000005457,-0.2699999999999818
2020-11-18 18:40:00,-0.2699999999999818,-0.13999999999998636,-0.5600000000000591,-0.29000000000002046
2020-11-18 18:41:00,-0.29000000000002046,0.020000000000038654,-0.4399999999999409,-0.40500000000002956
2020-11-18 18:42:00,-0.40500000000002956,-0.12000000000000455,-0.5600000000000023,-0.44999999999998863
2020-11-18 18:43:00,-0.44999999999998863,-0.10000000000002274,-0.5550000000000068,-0.4300000000000068
2020-11-18 18:44:00,-0.4300000000000068,-0.1500000000000341,-0.6200000000000045,-0.3800000000000523
2020-11-18 18:45:00,-0.3800000000000523,-0.18000000000006366,-0.5600000000000591,-0.3800000000000523
2020-11-18 18:46:00,-0.3800000000000523,-0.18000000000000682,-0.5199999999999818,-0.37999999999999545
2020-11-18 18:47:00,-0.37999999999999545,-0.25,-0.5200000000000387,-0.38999999999998636
2020-11-18 18:48:00,-0.38999999999998636,-0.17999999999994998,-0.4700000000000273,-0.42000000000007276
2020-11-18 18:49:00,-0.49500000000000455,-0.339999999999975,-0.5750000000000455,-0.46999999999997044
2020-11-18 18:50:00,-0.46999999999997044,-0.31999999999993634,-0.6299999999999386,-0.6299999999999386
2020-11-18 18:51:00,-0.6299999999999386,-0.2300000000000182,-0.6800000000000068,-0.3900000000000432
2020-11-18 18:52:00,-0.3900000000000432,-0.3300000000000409,-0.6150000000000091,-0.44000000000005457
2020-11-18 18:53:00,-0.44000000000005457,-0.25,-0.5800000000000409,-0.4700000000000273
2020-11-18 18:54:00,-0.4700000000000273,-0.1400000000000432,-0.5900000000000318,-0.39999999999997726
2020-11-18 18:55:00,-0.37999999999999545,-0.06999999999999318,-0.5600000000000023,-0.3900000000000432
2020-11-18 18:56:00,-0.3900000000000432,-0.22999999999996135,-0.5199999999999818,-0.3800000000000523
2020-11-18 18:57:00,-0.3800000000000523,-0.2899999999999636,-0.535000000000025,-0.3300000000000409
2020-11-18 18:58:00,-0.3300000000000409,-0.22999999999996135,-0.5550000000000637,-0.46999999999997044
2020-11-18 18:59:00,-0.46999999999997044,-0.12999999999999545,-0.8600000000000136,-0.6200000000000045
2020-11-18 19:00:00,-0.625,-0.12000000000000455,-0.6549999999999727,-0.2400000000000091
2020-11-18 19:01:00,,,,
2020-11-18 19:02:00,0.5550000000000068,0.5650000000000546,-0.49500000000000455,-0.35000000000002274
2020-11-18 19:03:00,-0.31500000000005457,-0.15999999999996817,-0.5249999999999773,-0.32000000000005
2020-11-18 19:04:00,-0.32000000000005,-0.2599999999999909,-0.5650000000000546,-0.410000000000025
2020-11-18 19:05:00,-0.410000000000025,-0.25,-0.6200000000000614,-0.3199999999999932
2020-11-18 19:06:00,-0.3199999999999932,-0.15999999999996817,-0.5450000000000728,-0.47999999999996135
2020-11-18 19:07:00,-0.47999999999996135,-0.21000000000003638,-0.5599999999999454,-0.4399999999999409
2020-11-18 19:08:00,-0.4399999999999409,-0.2799999999999727,-0.5750000000000455,-0.35000000000002274
2020-11-18 19:09:00,-0.35000000000002274,-0.24000000000006594,-0.5600000000000023,-0.4399999999999977
2020-11-18 19:10:00,-0.4399999999999977,-0.29000000000002046,-0.5849999999999795,-0.5199999999999818
2020-11-18 19:11:00,-0.5199999999999818,0.03999999999996362,-0.6650000000000773,-0.5000000000000568
2020-11-18 19:12:00,-0.5000000000000568,-0.22500000000002274,-0.7150000000000318,-0.410000000000025
2020-11-18 19:13:00,-0.410000000000025,-0.3950000000000955,-0.6850000000000591,-0.4700000000000273
2020-11-18 19:14:00,-0.4700000000000273,-0.34000000000003183,-0.6400000000000432,-0.4800000000000182
2020-11-18 19:15:00,-0.4800000000000182,-0.10500000000001819,-0.6549999999999727,-0.4000000000000341
2020-11-18 19:16:00,-0.4000000000000341,-0.3100000000000023,-0.6400000000000432,-0.3900000000000432
2020-11-18 19:17:00,-0.3900000000000432,-0.37000000000000455,-0.7599999999999341,-0.49999999999994316
2020-11-18 19:18:00,-0.49999999999994316,-0.2899999999999636,-0.5150000000000432,-0.4800000000000182
2020-11-18 19:19:00,-0.4800000000000182,-0.18000000000006366,-0.5900000000000318,-0.47999999999996135
2020-11-18 19:20:00,-0.47999999999996135,-0.20499999999998408,-0.6500000000000341,-0.3299999999999841
2020-11-18 19:21:00,-0.3299999999999841,-0.27000000000003865,-0.6000000000000227,-0.410000000000025
2020-11-18 19:22:00,-0.410000000000025,-0.19000000000005457,-0.5900000000000318,-0.29000000000002046
2020-11-18 19:23:00,-0.29000000000002046,-0.15999999999996817,-0.6399999999999864,-0.5650000000000546
2020-11-18 19:24:00,-0.5500000000000682,-0.19499999999999318,-0.5749999999999886,-0.5049999999999955
2020-11-18 19:25:00,-0.5049999999999955,-0.25,-0.5299999999999727,-0.410000000000025
2020-11-18 19:26:00,-0.410000000000025,-0.18000000000000682,-0.5400000000000205,-0.3299999999999841
2020-11-18 19:27:00,-0.3299999999999841,-0.14999999999997726,-0.5400000000000773,-0.3300000000000409
2020-11-18 19:28:00,-0.3300000000000409,-0.21000000000003638,-0.6200000000000045,-0.40999999999996817
2020-11-18 19:29:00,-0.40999999999996817,-0.19999999999998863,-0.5749999999999886,-0.4600000000000364
2020-11-18 19:30:00,-0.4600000000000364,-0.05000000000006821,-0.8400000000000318,-0.410000000000025
2020-11-18 19:31:00,-0.4350000000000591,-0.18500000000005912,-0.7000000000000455,-0.4200000000000159
2020-11-18 19:32:00,-0.4200000000000159,-0.045000000000015916,-0.7200000000000273,-0.37999999999999545
2020-11-18 19:33:00,,,,
2020-11-18 19:34:00,-1.0699999999999932,-0.2599999999999909,-1.0699999999999932,-0.4700000000000273
2020-11-18 19:35:00,-0.4600000000000364,-0.13999999999998636,-0.5950000000000273,-0.5500000000000114
2020-11-18 19:36:00,-0.5500000000000114,-0.2300000000000182,-0.6900000000000546,-0.47999999999996135
2020-11-18 19:37:00,-0.47999999999996135,-0.19000000000005457,-0.7400000000000091,-0.36000000000001364
2020-11-18 19:38:00,-0.36000000000001364,-0.2899999999999636,-0.7700000000000387,-0.4800000000000182
2020-11-18 19:39:00,-0.4800000000000182,-0.37999999999999545,-0.7299999999999613,-0.5349999999999682
2020-11-18 19:40:00,-0.5349999999999682,-0.28000000000002956,-0.6299999999999955,-0.42999999999995
2020-11-18 19:41:00,-0.42999999999995,-0.37000000000000455,-0.6699999999999591,-0.5499999999999545
2020-11-18 19:42:00,-0.5499999999999545,-0.2400000000000091,-0.7000000000000455,-0.5749999999999886
2020-11-18 19:43:00,-0.5749999999999886,-0.2599999999999909,-0.6800000000000068,-0.5000000000000568
2020-11-18 19:44:00,-0.5000000000000568,-0.14999999999997726,-0.5500000000000114,-0.4149999999999636
2020-11-18 19:45:00,-0.4149999999999636,-0.32999999999992724,-0.8050000000000068,-0.34000000000003183
2020-11-18 19:46:00,-0.3650000000000091,-0.015000000000043201,-0.5400000000000773,-0.38999999999998636
2020-11-18 19:47:00,-0.38999999999998636,-0.2300000000000182,-0.6200000000000045,-0.375
2020-11-18 19:48:00,-0.375,-0.18999999999999773,-0.5799999999999841,-0.4200000000000159
2020-11-18 19:49:00,-0.4200000000000159,-0.18000000000000682,-0.5249999999999773,-0.31999999999993634
2020-11-18 19:50:00,-0.31999999999993634,-0.1750000000000682,-0.5699999999999932,-0.46999999999997044
2020-11-18 19:51:00,-0.46999999999997044,-0.20000000000004547,-0.6399999999999864,-0.4900000000000091
2020-11-18 19:52:00,-0.4900000000000091,-0.2300000000000182,-0.7300000000000182,-0.6299999999999955
2020-11-18 19:53:00,-0.6299999999999955,-0.3000000000000682,-0.660000000000025,-0.5099999999999909
2020-11-18 19:54:00,-0.5099999999999909,-0.3100000000000591,-0.6400000000000432,-0.5099999999999909
2020-11-18 19:55:00,-0.5099999999999909,-0.28000000000002956,-0.6200000000000045,-0.28000000000002956
2020-11-18 19:56:00,-0.28000000000002956,-0.28000000000002956,-0.5249999999999773,-0.47999999999996135
2020-11-18 19:57:00,-0.47999999999996135,-0.2750000000000341,-0.6100000000000136,-0.4800000000000182
2020-11-18 19:58:00,-0.4800000000000182,-0.17000000000001592,-0.5800000000000409,-0.339999999999975
2020-11-18 19:59:00,-0.28499999999996817,-0.25499999999999545,-0.49000000000006594,-0.4200000000000159
2020-11-18 20:00:00,-0.4200000000000159,-0.09000000000003183,-0.44000000000005457,-0.30000000000001137
2020-11-18 20:01:00,-0.30000000000001137,-0.1150000000000091,-0.410000000000025,-0.22000000000002728
2020-11-18 20:02:00,-0.22000000000002728,-0.12000000000000455,-0.4200000000000159,-0.13999999999998636
2020-11-18 20:03:00,-0.13999999999998636,-0.05000000000006821,-0.4200000000000159,-0.30000000000001137
2020-11-18 20:04:00,-0.30000000000001137,0.07999999999998408,-0.4149999999999636,-0.32000000000005
2020-11-18 20:05:00,-0.32000000000005,-0.15499999999997272,-0.4500000000000455,-0.3000000000000682
2020-11-18 20:06:00,-0.3000000000000682,-0.06999999999999318,-0.37999999999999545,-0.2300000000000182
2020-11-18 20:07:00,-0.2300000000000182,-0.009999999999990905,-0.39500000000003865,-0.29000000000002046
2020-11-18 20:08:00,-0.29000000000002046,-0.12999999999999545,-0.4600000000000364,-0.36000000000001364
2020-11-18 20:09:00,-0.3650000000000091,-0.18999999999994088,-0.38999999999998636,-0.339999999999975
2020-11-18 20:10:00,-0.339999999999975,-0.1349999999999909,-0.339999999999975,-0.20999999999997954
2020-11-18 20:11:00,-0.20999999999997954,-0.024999999999977263,-0.3550000000000182,-0.20000000000004547
2020-11-18 20:12:00,-0.20000000000004547,-0.08999999999997499,-0.3949999999999818,-0.23499999999989996
2020-11-18 20:13:00,-0.23499999999989996,-0.08499999999997954,-0.40500000000002956,-0.2400000000000091
2020-11-18 20:14:00,-0.2400000000000091,-0.08000000000004093,-0.3450000000000273,-0.18000000000000682
2020-11-18 20:15:00,-0.15499999999997272,-0.05000000000006821,-0.2699999999999818,-0.05000000000006821
2020-11-18 20:16:00,-0.05000000000006821,-0.05000000000006821,-0.3900000000000432,-0.30999999999994543
2020-11-18 20:17:00,-0.30999999999994543,-0.1349999999999909,-0.43000000000006366,-0.28000000000002956
2020-11-18 20:18:00,-0.28000000000002956,-0.040000000000020464,-0.32000000000005,-0.32000000000005
2020-11-18 20:19:00,-0.32000000000005,-0.07999999999998408,-0.32000000000005,-0.20999999999997954
2020-11-18 20:20:00,-0.20999999999997954,0.040000000000020464,-0.30000000000001137,-0.12000000000000455
2020-11-18 20:21:00,-0.12000000000000455,-0.03499999999996817,-0.23999999999995225,-0.1400000000000432
2020-11-18 20:22:00,-0.1400000000000432,0.1199999999999477,-0.32000000000005,-0.09000000000003183
2020-11-18 20:23:00,-0.09000000000003183,0.08999999999997499,-0.3100000000000591,-0.21000000000003638
2020-11-18 20:24:00,-0.21000000000003638,0.08999999999997499,-0.3199999999999932,-0.03499999999996817
2020-11-18 20:25:00,-0.03499999999996817,0.08499999999997954,-0.27000000000003865,-0.09500000000002728
2020-11-18 20:26:00,-0.09500000000002728,0.22999999999996135,-0.1999999999999318,0.029999999999972715
2020-11-18 20:27:00,0.029999999999972715,0.049999999999954525,-0.3300000000000409,-0.01999999999998181
2020-11-18 20:28:00,-0.01999999999998181,-0.01999999999998181,-0.32000000000005,-0.08500000000003638
2020-11-18 20:29:00,-0.05000000000001137,0.009999999999990905,-0.18000000000000682,-0.160000000000025
2020-11-18 20:30:00,-0.160000000000025,0.05999999999994543,-0.25,-0.1300000000000523
2020-11-18 20:31:00,-0.1300000000000523,0.07499999999998863,-0.20000000000004547,-0.18999999999999773
2020-11-18 20:32:00,-0.18999999999999773,0.03999999999996362,-0.2300000000000182,-0.1500000000000341
2020-11-18 20:33:00,-0.1500000000000341,-0.045000000000015916,-0.2699999999999818,-0.07999999999992724
2020-11-18 20:34:00,-0.07999999999992724,0.06499999999999773,-0.2899999999999636,-0.2300000000000182
2020-11-18 20:35:00,-0.2300000000000182,-5.684341886080802e-14,-0.37999999999999545,-0.25
2020-11-18 20:36:00,-0.25,0.03999999999996362,-0.37000000000000455,-0.08999999999997499
2020-11-18 20:37:00,-0.08999999999997499,0.01999999999998181,-0.285000000000025,-0.0999999999999659
2020-11-18 20:38:00,-0.0999999999999659,-0.010000000000047748,-0.3149999999999977,-0.1150000000000091
2020-11-18 20:39:00,-0.1150000000000091,0.05999999999994543,-0.2999999999999545,-0.2400000000000091
2020-11-18 20:40:00,-0.2400000000000091,0.2799999999999727,-0.34000000000003183,-0.29000000000002046
2020-11-18 20:41:00,-0.29000000000002046,0.01999999999998181,-0.29000000000002046,-0.13999999999998636
2020-11-18 20:42:00,-0.13999999999998636,-0.025000000000034106,-0.410000000000025,-0.1500000000000341
2020-11-18 20:43:00,-0.1500000000000341,0.03000000000002956,-0.32000000000005,-0.03000000000002956
2020-11-18 20:44:00,-0.03000000000002956,0.2899999999999636,-0.38999999999998636,-0.21500000000003183
2020-11-18 20:45:00,-0.21500000000003183,-0.09000000000003183,-0.40500000000002956,-0.22999999999996135
2020-11-18 20:46:00,-0.22999999999996135,0.0,-0.32000000000005,-0.18000000000000682
2020-11-18 20:47:00,-0.18000000000000682,-0.020000000000038654,-0.2900000000000773,-0.13999999999998636
2020-11-18 20:48:00,-0.13999999999998636,-0.06999999999999318,-0.29000000000002046,-0.1300000000000523
2020-11-18 20:49:00,-0.1300000000000523,0.1650000000000773,-0.22999999999996135,-0.1099999999999568
2020-11-18 20:50:00,-0.1099999999999568,0.16999999999995907,-0.42500000000001137,-0.15999999999996817
2020-11-18 20:51:00,-0.15999999999996817,0.13999999999998636,-0.3300000000000409,-0.08500000000003638
2020-11-18 20:52:00,-0.07000000000005002,0.06999999999999318,-0.3100000000000591,-0.2300000000000182
2020-11-18 20:53:00,-0.2300000000000182,0.08999999999997499,-0.37000000000000455,-0.14999999999997726
2020-11-18 20:54:00,-0.14999999999997726,0.14999999999997726,-0.6299999999999955,-0.21000000000003638
2020-11-18 20:55:00,-0.21000000000003638,-0.04499999999995907,-0.5400000000000773,-0.12999999999999545
2020-11-18 20:56:00,-0.12999999999999545,-0.09000000000003183,-0.375,-0.27000000000003865
2020-11-18 20:57:00,-0.27000000000003865,0.18999999999994088,-0.3849999999999909,-0.18000000000000682
2020-11-18 20:58:00,-0.18000000000000682,0.06999999999993634,-0.41000000000008185,-0.2400000000000091
2020-11-18 20:59:00,-0.25,-0.05500000000000682,-0.43499999999994543,-0.1349999999999909
2020-11-18 21:00:00,-0.12000000000000455,0.15499999999997272,-0.3900000000000432,-0.12999999999999545
2020-11-18 21:01:00,-0.12999999999999545,0.15500000000002956,-0.4600000000000364,-0.12999999999999545
2020-11-18 21:02:00,-0.12999999999999545,0.060000000000002274,-0.2899999999999636,-0.18000000000000682
2020-11-18 21:03:00,-0.18000000000000682,0.04499999999995907,-0.41500000000002046,-0.18000000000000682
2020-11-18 21:04:00,-0.18000000000000682,0.07500000000004547,-0.3299999999999841,-0.160000000000025
2020-11-18 21:05:00,-0.160000000000025,0.08499999999997954,-0.3450000000000273,-0.2550000000000523
2020-11-18 21:06:00,-0.25000000000005684,0.0,-0.42000000000007276,-0.20000000000004547
2020-11-18 21:07:00,-0.20000000000004547,0.025000000000034106,-0.38999999999998636,-0.1299999999999386
2020-11-18 21:08:00,-0.1299999999999386,0.025000000000034106,-0.35000000000002274,-0.160000000000025
2020-11-18 21:09:00,-0.160000000000025,-0.029999999999972715,-0.3300000000000409,-0.3300000000000409
2020-11-18 21:10:00,-0.3300000000000409,-0.0049999999999954525,-0.3300000000000409,-0.19999999999998863
2020-11-18 21:11:00,-0.19999999999998863,-0.07499999999998863,-0.19999999999998863,-0.12999999999999545
2020-11-18 21:12:00,-0.12999999999999545,-0.014999999999986358,-0.4200000000000159,-0.14999999999997726
2020-11-18 21:13:00,-0.14999999999997726,-0.009999999999990905,-0.3350000000000364,-0.12999999999999545
2020-11-18 21:14:00,-0.12999999999999545,0.05000000000001137,-0.22999999999996135,-0.21999999999997044
2020-11-18 21:15:00,-0.21999999999997044,-0.009999999999934062,-0.2599999999999909,-0.10000000000002274
2020-11-18 21:16:00,-0.10000000000002274,-0.04500000000007276,-0.30000000000001137,-0.160000000000025
2020-11-18 21:17:00,-0.160000000000025,0.08000000000004093,-0.31999999999993634,0.009999999999934062
2020-11-18 21:18:00,0.009999999999934062,0.06499999999994088,-0.2699999999999818,-0.03999999999996362
2020-11-18 21:19:00,-0.03999999999996362,0.009999999999990905,-0.35000000000002274,-0.18499999999994543
2020-11-18 21:20:00,-0.18999999999994088,0.03999999999996362,-0.25000000000005684,-0.05999999999994543
2020-11-18 21:21:00,-0.05999999999994543,-0.05999999999994543,-0.22000000000002728,-0.11000000000001364
2020-11-18 21:22:00,-0.11000000000001364,0.10000000000002274,-0.26499999999998636,-0.05000000000006821
2020-11-18 21:23:00,-0.05000000000006821,0.35000000000002274,-0.21000000000003638,-0.05999999999994543
2020-11-18 21:24:00,-0.05999999999994543,0.18999999999994088,-0.2300000000000182,0.18999999999994088
2020-11-18 21:25:00,0.18999999999994088,0.35499999999996135,-0.13999999999998636,0.03999999999996362
2020-11-18 21:26:00,0.03999999999996362,0.28499999999996817,-0.16999999999995907,0.22000000000002728
2020-11-18 21:27:00,0.26000000000004775,0.35000000000002274,-0.18500000000000227,0.06000000000005912
2020-11-18 21:28:00,0.06000000000005912,0.5299999999999727,-0.14999999999997726,0.045000000000015916
2020-11-18 21:29:00,0.01999999999998181,0.27000000000003865,-0.29000000000002046,0.13999999999998636
2020-11-18 21:30:00,0.13999999999998636,0.4249999999999545,-0.26499999999998636,-0.004999999999938609
2020-11-18 21:31:00,-0.004999999999938609,0.15500000000002956,-0.18000000000006366,-0.040000000000020464
2020-11-18 21:32:00,-0.040000000000020464,0.19000000000005457,-0.2950000000000159,0.009999999999990905
2020-11-18 21:33:00,0.009999999999990905,0.1500000000000341,-0.22500000000002274,-0.08999999999997499
2020-11-18 21:34:00,-0.08999999999997499,0.10000000000002274,-0.31500000000005457,0.009999999999990905
2020-11-18 21:35:00,0.009999999999990905,0.19999999999998863,-0.2249999999999659,-0.05999999999994543
2020-11-18 21:36:00,-0.05999999999994543,0.13999999999998636,-0.2099999999999227,0.12000000000000455
2020-11-18 21:37:00,0.12000000000000455,0.12000000000000455,-0.36000000000001364,-0.160000000000025
2020-11-18 21:38:00,-0.160000000000025,0.10499999999996135,-0.3550000000000182,-0.049999999999954525
2020-11-18 21:39:00,-0.049999999999954525,0.30000000000001137,-0.21000000000003638,0.12000000000000455
2020-11-18 21:40:00,0.12000000000000455,0.15999999999996817,-0.12000000000000455,0.03999999999996362
2020-11-18 21:41:00,0.03999999999996362,0.3299999999999841,-0.01999999999998181,0.040000000000020464
2020-11-18 21:42:00,0.040000000000020464,0.20499999999998408,-0.09499999999997044,0.12999999999999545
2020-11-18 21:43:00,0.1400000000000432,0.38999999999998636,-0.06999999999999318,0.1099999999999568
2020-11-18 21:44:00,0.1099999999999568,0.24999999999994316,-0.1099999999999568,-0.03500000000002501
2020-11-18 21:45:00,-0.03500000000002501,0.21500000000003183,-0.04000000000007731,-0.009999999999990905
2020-11-18 21:46:00,-0.009999999999990905,0.30999999999994543,-0.160000000000025,0.01999999999998181
2020-11-18 21:47:00,0.01999999999998181,0.49000000000006594,-0.1400000000000432,-0.029999999999972715
2020-11-18 21:48:00,-0.0049999999999954525,0.19499999999993634,-0.3550000000000182,-0.05000000000001137
2020-11-18 21:49:00,-0.05000000000006821,0.07500000000004547,-0.5500000000000114,-0.19000000000005457
2020-11-18 21:50:00,-0.19000000000005457,0.26499999999998636,-0.3100000000000023,-0.1299999999999386
2020-11-18 21:51:00,-0.1299999999999386,0.08499999999997954,-0.40500000000002956,-0.22999999999996135
2020-11-18 21:52:00,-0.22999999999996135,0.04499999999995907,-0.4500000000000455,-0.18999999999999773
2020-11-18 21:53:00,-0.18999999999999773,0.029999999999972715,-0.4000000000000341,-0.19000000000005457
2020-11-18 21:54:00,-0.19000000000005457,-0.009999999999990905,-0.37000000000000455,-0.10000000000002274
2020-11-18 21:55:00,-0.10000000000002274,0.06999999999999318,-0.28500000000008185,-0.17500000000001137
2020-11-18 21:56:00,-0.17500000000001137,0.06999999999993634,-0.3249999999999318,-0.08000000000004093
2020-11-18 21:57:00,-0.08000000000004093,0.049999999999954525,-0.33499999999997954,-0.125
2020-11-18 21:58:00,-0.1349999999999909,0.15999999999996817,-0.3550000000000182,0.0049999999999954525
2020-11-18 21:59:00,0.024999999999977263,0.024999999999977263,-0.4000000000000341,-0.1300000000000523
2020-11-18 22:00:00,-0.1300000000000523,0.17499999999995453,-0.2400000000000091,-0.19499999999993634
2020-11-18 22:01:00,-0.17999999999994998,0.1099999999999568,-0.5,-0.2799999999999727
2020-11-18 22:02:00,-0.2799999999999727,0.09000000000003183,-0.45999999999997954,-0.2300000000000182
2020-11-18 22:03:00,-0.2300000000000182,-0.04499999999995907,-0.5099999999999909,-0.24999999999994316
2020-11-18 22:04:00,-0.24999999999994316,0.03000000000002956,-0.40999999999996817,-0.22000000000002728
2020-11-18 22:05:00,-0.18000000000006366,0.05000000000001137,-0.5,-0.18000000000006366
2020-11-18 22:06:00,-0.18000000000006366,0.08500000000003638,-0.3149999999999977,-0.010000000000047748
2020-11-18 22:07:00,-0.010000000000047748,0.10000000000002274,-0.3299999999999841,-0.040000000000020464
2020-11-18 22:08:00,-0.040000000000020464,0.09499999999997044,-0.21999999999997044,0.040000000000020464
2020-11-18 22:09:00,0.040000000000020464,0.07499999999993179,-0.2300000000000182,-0.010000000000047748
2020-11-18 22:10:00,-0.010000000000047748,0.13999999999998636,-0.1349999999999909,0.03000000000002956
2020-11-18 22:11:00,0.03000000000002956,0.22500000000002274,-0.11000000000001364,0.01999999999998181
2020-11-18 22:12:00,0.01999999999998181,0.24999999999994316,-0.1500000000000341,0.0
2020-11-18 22:13:00,0.0,0.06999999999999318,-0.21000000000003638,-0.19000000000005457
2020-11-18 22:14:00,-0.19000000000005457,0.16999999999995907,-0.22000000000002728,0.04499999999995907
2020-11-18 22:15:00,0.04499999999995907,0.27499999999997726,-0.11000000000001364,0.060000000000002274
2020-11-18 22:16:00,0.060000000000002274,0.2900000000000773,-0.19000000000005457,0.04499999999995907
2020-11-18 22:17:00,0.04499999999995907,0.3299999999999841,-0.035000000000081855,0.17999999999994998
2020-11-18 22:18:00,0.17999999999994998,0.39999999999997726,-0.0999999999999659,-0.009999999999990905
2020-11-18 22:19:00,-0.009999999999990905,0.21000000000003638,-0.12000000000000455,0.07000000000005002
2020-11-18 22:20:00,0.07000000000005002,0.20000000000004547,-0.19499999999999318,-0.04499999999995907
2020-11-18 22:21:00,-0.0999999999999659,0.13999999999998636,-0.23999999999995225,-0.04000000000007731
2020-11-18 22:22:00,-0.04000000000007731,0.1099999999999568,-0.22999999999996135,0.01999999999998181
2020-11-18 22:23:00,0.01999999999998181,0.06999999999999318,-0.18999999999994088,-0.07999999999998408
2020-11-18 22:24:00,-0.029999999999972715,0.009999999999990905,-0.21000000000003638,-0.060000000000002274
2020-11-18 22:25:00,-0.060000000000002274,0.15499999999997272,-0.1999999999999318,-0.06999999999999318
2020-11-18 22:26:00,-0.06999999999999318,0.2099999999999227,-0.1449999999999818,0.03999999999996362
2020-11-18 22:27:00,0.03999999999996362,0.14999999999997726,-0.2700000000000955,-0.0999999999999659
2020-11-18 22:28:00,-0.0999999999999659,0.09000000000003183,-0.19999999999998863,-0.009999999999990905
2020-11-18 22:29:00,-0.009999999999990905,0.21499999999991815,-0.18000000000006366,-0.10000000000002274
2020-11-18 22:30:00,-0.10000000000002274,0.10000000000002274,-0.31999999999993634,-0.16500000000002046
2020-11-18 22:31:00,-0.16500000000002046,0.10500000000001819,-0.2750000000000341,-0.07000000000005002
2020-11-18 22:32:00,-0.07000000000005002,0.10499999999996135,-0.2899999999999636,-0.13999999999998636
2020-11-18 22:33:00,-0.13999999999998636,0.30999999999994543,-0.4800000000000182,-0.29500000000007276
2020-11-18 22:34:00,-0.3000000000000682,0.06999999999999318,-0.7099999999999795,-0.18000000000000682
2020-11-18 22:35:00,-0.18000000000000682,0.23999999999995225,-0.2699999999999818,-0.12000000000000455
2020-11-18 22:36:00,-0.12000000000000455,0.12500000000005684,-0.2349999999999568,-0.040000000000020464
2020-11-18 22:37:00,-0.040000000000020464,0.2099999999999227,-0.20500000000004093,0.009999999999990905
2020-11-18 22:38:00,0.009999999999990905,0.2599999999999909,-0.25,-0.2400000000000091
2020-11-18 22:39:00,-0.2400000000000091,0.009999999999990905,-0.30499999999995,-0.19000000000005457
2020-11-18 22:40:00,-0.19000000000005457,0.3199999999999932,-0.32000000000005,-0.020000000000038654
2020-11-18 22:41:00,-0.020000000000038654,0.08000000000004093,-0.2300000000000182,-0.15999999999996817
2020-11-18 22:42:00,-0.15999999999996817,0.08999999999997499,-0.2899999999999636,-0.06999999999999318
2020-11-18 22:43:00,-0.06999999999999318,0.18000000000006366,-0.30999999999994543,-0.17000000000001592
2020-11-18 22:44:00,-0.17000000000001592,-0.01999999999998181,-0.34000000000003183,-0.1500000000000341
2020-11-18 22:45:00,-0.1500000000000341,0.020000000000038654,-0.26499999999998636,-0.20000000000004547
2020-11-18 22:46:00,-0.20000000000004547,0.009999999999990905,-0.28499999999996817,-0.17999999999994998
2020-11-18 22:47:00,-0.17999999999994998,0.1299999999999386,-0.3949999999999818,-0.0999999999999659
2020-11-18 22:48:00,-0.0999999999999659,0.06999999999999318,-0.2949999999999591,-0.12000000000000455
2020-11-18 22:49:00,-0.12000000000000455,0.020000000000038654,-0.3149999999999409,-0.15999999999996817
2020-11-18 22:50:00,-0.15999999999996817,0.03499999999996817,-0.2300000000000182,-0.029999999999972715
2020-11-18 22:51:00,-0.029999999999972715,0.03000000000002956,-0.28499999999996817,-0.07000000000005002
2020-11-18 22:52:00,-0.07000000000005002,0.014999999999986358,-0.2400000000000091,-0.13999999999998636
2020-11-18 22:53:00,-0.13999999999998636,0.1099999999999568,-0.22999999999996135,-0.04000000000007731
2020-11-18 22:54:00,-0.04000000000007731,0.1199999999999477,-0.2300000000000182,-0.04500000000007276
2020-11-18 22:55:00,-0.04500000000007276,0.06999999999999318,-0.22999999999996135,0.010000000000047748
2020-11-18 22:56:00,0.010000000000047748,0.28499999999996817,-0.25,0.009999999999990905
2020-11-18 22:57:00,0.009999999999990905,0.12999999999999545,-0.2799999999999727,-0.22500000000002274
2020-11-18 22:58:00,-0.22500000000002274,0.10500000000001819,-0.4350000000000591,-0.25
2020-11-18 22:59:00,-0.2400000000000091,0.15499999999997272,-0.36000000000001364,-0.1349999999999909
2020-11-18 23:00:00,-0.125,0.10000000000002274,-0.4700000000000273,-0.10500000000001819
2020-11-18 23:01:00,-0.10500000000001819,0.3849999999999909,-0.43000000000006366,-0.1199999999999477
2020-11-18 23:02:00,-0.1199999999999477,0.14999999999997726,-0.5649999999999409,-0.25499999999999545
2020-11-18 23:03:00,-0.24500000000000455,0.07999999999998408,-0.37999999999999545,-0.009999999999990905
2020-11-18 23:04:00,-0.009999999999990905,0.2949999999999591,-0.3650000000000091,-0.21000000000003638
2020-11-18 23:05:00,-0.21000000000003638,0.21499999999991815,-0.34499999999997044,-0.18999999999994088
2020-11-18 23:06:00,-0.22999999999996135,0.4249999999999545,-0.3599999999999568,-0.1449999999999818
2020-11-18 23:07:00,-0.16499999999996362,0.160000000000025,-0.36000000000001364,0.03999999999996362
2020-11-18 23:08:00,0.03999999999996362,0.3900000000000432,-0.2599999999999909,0.12000000000000455
2020-11-18 23:09:00,0.12000000000000455,0.21500000000003183,-0.3149999999999977,-0.06999999999999318
2020-11-18 23:10:00,-0.06999999999999318,0.3499999999999659,-0.2599999999999909,0.020000000000038654
2020-11-18 23:11:00,0.0049999999999954525,0.4199999999999591,-0.30000000000001137,0.05000000000006821
2020-11-18 23:12:00,0.05000000000006821,0.1750000000000682,-0.3350000000000364,-0.160000000000025
2020-11-18 23:13:00,-0.15499999999997272,0.2699999999999818,-0.3300000000000409,0.025000000000034106
2020-11-18 23:14:00,0.03000000000002956,0.25,-0.43499999999994543,-0.16999999999995907
2020-11-18 23:15:00,-0.16999999999995907,0.22999999999996135,-0.3199999999999932,-0.040000000000020464
2020-11-18 23:16:00,-0.040000000000020464,0.1449999999999818,-0.3450000000000273,-0.06999999999993634
2020-11-18 23:17:00,-0.06999999999993634,0.3199999999999932,-0.3250000000000455,-0.035000000000081855
2020-11-18 23:18:00,-0.035000000000081855,0.18999999999999773,-0.25,0.045000000000015916
2020-11-18 23:19:00,0.020000000000038654,0.27499999999997726,-0.2949999999999591,-0.03500000000002501
2020-11-18 23:20:00,-0.03500000000002501,0.21000000000003638,-0.49500000000000455,-0.21000000000003638
2020-11-18 23:21:00,-0.21000000000003638,0.25499999999999545,-0.37000000000000455,-0.029999999999972715
2020-11-18 23:22:00,0.08499999999992269,0.1999999999999318,-0.33499999999997954,-0.125
2020-11-18 23:23:00,-0.125,0.22999999999996135,-0.43000000000006366,-0.19499999999999318
2020-11-18 23:24:00,-0.19499999999999318,0.15999999999996817,-0.4350000000000023,-0.09000000000003183
2020-11-18 23:25:00,-0.09000000000003183,0.12999999999999545,-0.4700000000000273,-0.07499999999998863
2020-11-18 23:26:00,-0.07499999999998863,0.12000000000000455,-0.37999999999999545,-0.06000000000005912
2020-11-18 23:27:00,-0.06000000000005912,0.18999999999999773,-0.3100000000000023,0.0049999999999954525
2020-11-18 23:28:00,,,,
2020-11-18 23:29:00,-1.795000000000016,0.125,-1.795000000000016,-0.09000000000003183
2020-11-18 23:30:00,-0.09000000000003183,0.2099999999999227,-0.3299999999999841,-0.08500000000003638
2020-11-18 23:31:00,-0.08500000000003638,0.10500000000001819,-0.3449999999999136,-0.22000000000002728
2020-11-18 23:32:00,-0.22000000000002728,0.08500000000003638,-0.3550000000000182,0.029999999999972715
2020-11-18 23:33:00,0.07499999999993179,0.21999999999997044,-0.410000000000025,-0.12000000000000455
2020-11-18 23:34:00,-0.12000000000000455,0.31999999999993634,-0.3100000000000023,-0.18000000000000682
2020-11-18 23:35:00,-0.18000000000000682,0.160000000000025,-0.27000000000003865,-0.17499999999995453
2020-11-18 23:36:00,-0.17999999999994998,0.11000000000001364,-0.32000000000005,-0.1099999999999568
2020-11-18 23:37:00,-0.1099999999999568,0.07999999999998408,-0.29500000000007276,0.0
2020-11-18 23:38:00,0.0,0.19999999999998863,-0.2300000000000182,-0.01999999999998181
2020-11-18 23:39:00,-0.01999999999998181,0.19999999999998863,-0.36000000000001364,-0.08499999999997954
2020-11-18 23:40:00,-0.08499999999997954,0.18500000000000227,-0.18000000000006366,-0.01999999999998181
2020-11-18 23:41:00,-0.01999999999998181,0.40999999999996817,-0.17000000000001592,-0.10000000000002274
2020-11-18 23:42:00,-0.10000000000002274,0.2249999999999659,-0.17999999999994998,0.1449999999999818
2020-11-18 23:43:00,0.1449999999999818,0.19999999999998863,-0.15999999999996817,0.045000000000015916
2020-11-18 23:44:00,0.020000000000038654,0.16999999999995907,-0.2300000000000182,-0.08999999999997499
2020-11-18 23:45:00,-0.08999999999997499,0.09000000000003183,-0.5,-0.2300000000000182
2020-11-18 23:46:00,-0.2300000000000182,0.1449999999999818,-0.3199999999999932,-0.045000000000015916
2020-11-18 23:47:00,-0.045000000000015916,0.2400000000000091,-0.2599999999999909,0.020000000000038654
2020-11-18 23:48:00,0.020000000000038654,0.23999999999995225,-0.16999999999995907,0.1400000000000432
2020-11-18 23:49:00,0.1400000000000432,0.35000000000002274,-0.18500000000000227,0.08000000000004093
2020-11-18 23:50:00,0.08000000000004093,0.3450000000000273,-0.2599999999999909,0.11499999999995225
2020-11-18 23:51:00,-0.010000000000047748,0.30499999999995,-0.32000000000005,-0.08000000000004093
2020-11-18 23:52:00,-0.08000000000004093,0.21999999999997044,-0.2900000000000773,-0.1099999999999568
2020-11-18 23:53:00,-0.1099999999999568,0.1999999999999318,-0.29500000000007276,-0.14999999999997726
2020-11-18 23:54:00,-0.125,0.045000000000015916,-0.2949999999999591,-0.049999999999954525
2020-11-18 23:55:00,-0.029999999999972715,0.1999999999999318,-0.22500000000002274,0.009999999999990905
2020-11-18 23:56:00,0.009999999999990905,0.12000000000000455,-0.25499999999999545,-0.18999999999999773
2020-11-18 23:57:00,-0.18999999999999773,0.20999999999997954,-0.3100000000000591,-0.14999999999997726
2020-11-18 23:58:00,-0.14999999999997726,0.07000000000005002,-0.2699999999999818,-0.05999999999994543
2020-11-18 23:59:00,-0.05999999999994543,0.09499999999997044,-0.21000000000003638,-0.15499999999997272
